sp|B6RLX2.1|VKTCT_OPHHA	sp|B6RLX2|VKTCT_OPHHA	100.00	83	0	0	1	83	1	83	2e-57	171
sp|P82966.2|VKTCI_OPHHA	sp|P82966|VKTCI_OPHHA	100.00	83	0	0	1	83	1	83	2e-57	172
ABN72538.1	sp|P81383|OXLA_OPHHA	100.00	491	0	0	1	491	1	491	0.0	1027
sp|B6S2X2.1|CAMP_OPHHA	sp|B6S2X2|CAMP_OPHHA	100.00	191	0	0	1	191	1	191	2e-137	383
AOE45901.1	sp|Q3HXX4|NGFV5_TROCA	40.60	133	67	3	41	166	42	169	3e-22	88.2
AOE45609.1	sp|Q3HXX6|NGFV3_TROCA	45.88	170	81	5	55	220	67	229	1e-37	131
ANJ00903.1	sp|Q7ZZM2|DIS_PROJR	99.09	110	1	0	1	110	1	110	2e-75	219
ANJ00888.1	sp|Q7ZZM2|DIS_PROJR	100.00	110	0	0	1	110	1	110	6e-77	223
ANJ00863.1	sp|Q7ZZM2|DIS_PROJR	100.00	110	0	0	1	110	1	110	6e-77	223
ETE74132.1	sp|G0LXV8|LATA_LATHA	24.86	181	108	2	56	236	736	888	1e-12	68.9
ETE74132.1	sp|G0LXV8|LATA_LATHA	32.95	173	108	5	74	239	995	1166	7e-10	59.7
ETE74132.1	sp|G0LXV8|LATA_LATHA	27.06	170	94	3	71	239	718	858	4e-08	54.3
ETE74131.1	sp|Q25338|LITD_LATTR	33.33	129	75	1	19	136	740	868	1e-12	62.4
ETE74131.1	sp|Q25338|LITD_LATTR	34.75	118	74	3	15	130	510	626	7e-10	53.9
ETE74012.1	sp|Q8AY75|CALGL_BOTIN	40.43	94	50	2	36	128	62	150	4e-17	71.6
ETE73893.1	sp|Q25338|LITD_LATTR	34.29	105	56	3	617	716	528	624	5e-06	47.0
ETE73888.1	sp|Q9XZC0|LCTA_LATTR	26.51	743	462	24	13	737	508	1184	6e-51	193
ETE73888.1	sp|Q9XZC0|LCTA_LATTR	23.96	747	460	22	51	751	481	1165	4e-39	155
ETE73888.1	sp|Q9XZC0|LCTA_LATTR	24.90	751	477	26	250	950	477	1190	5e-39	155
ETE73888.1	sp|Q9XZC0|LCTA_LATTR	25.32	545	335	17	2	496	633	1155	4e-31	129
ETE73888.1	sp|Q9XZC0|LCTA_LATTR	23.63	601	298	18	380	972	455	902	5e-25	109
ETE73888.1	sp|Q9XZC0|LCTA_LATTR	25.79	380	239	10	647	990	481	853	6e-18	86.7
ETE73888.1	sp|Q9XZC0|LCTA_LATTR	23.24	185	133	4	143	323	1056	1235	2e-06	48.9
ETE73887.1	sp|Q2XXL4|VESP_POGBA	38.78	49	30	0	9	57	61	109	7e-07	42.7
ETE73788.1	sp|E2IYB3|FCNV1_VARKO	52.63	57	27	0	465	521	50	106	2e-06	47.0
ETE73788.1	sp|E2IYB3|FCNV1_VARKO	46.15	65	23	1	561	625	50	102	2e-06	46.6
ETE73788.1	sp|E2IYB3|FCNV1_VARKO	49.25	67	22	3	519	585	50	104	9e-06	44.7
ETE73759.1	sp|Q71QJ3|VSP01_TRIST	22.52	222	113	8	43	214	34	246	1e-05	44.3
ETE73743.1	sp|D8VNS6|LECM_CERRY	32.77	119	72	4	167	278	40	157	1e-17	75.5
ETE73719.1	sp|Q2XXL4|VESP_POGBA	34.88	86	56	0	286	371	27	112	3e-14	67.4
ETE73674.1	sp|E2IYB3|FCNV1_VARKO	48.33	60	31	0	356	415	49	108	3e-08	51.2
ETE73674.1	sp|E2IYB3|FCNV1_VARKO	43.33	60	28	1	348	407	50	103	2e-06	45.8
ETE73669.1	sp|E2IYB3|FCNV1_VARKO	52.83	53	22	1	332	384	53	102	3e-06	45.8
ETE73652.1	sp|Q02989|LITA_LATTR	32.08	159	105	2	1717	1873	504	661	1e-09	60.5
ETE73652.1	sp|Q02989|LITA_LATTR	28.12	128	88	1	1708	1835	734	857	5e-07	52.0
ETE73652.1	sp|Q02989|LITA_LATTR	29.10	134	95	0	1733	1866	722	855	7e-07	51.2
ETE73652.1	sp|Q02989|LITA_LATTR	30.08	133	91	2	1738	1868	592	724	1e-06	50.8
ETE73638.1	sp|A3QVN5|HYAL4_CERCE	45.58	419	213	3	120	529	26	438	4e-135	402
ETE73628.1	sp|Q76B45|BLTX_BLABR	38.36	73	35	1	307	379	26	88	2e-09	54.7
ETE73622.1	sp|D8VNT0|FCNV4_CERRY	44.89	225	105	4	1220	1440	128	337	1e-57	202
ETE73616.1	sp|D8VNT0|FCNV4_CERRY	44.53	137	69	4	714	845	204	338	1e-29	119
ETE73595.1	sp|J3SEZ3|PDE1_CROAD	31.81	459	258	18	61	498	98	522	2e-59	209
ETE73545.1	sp|Q3HXY1|NGFV3_PSEAU	35.85	212	112	7	1	202	1	198	4e-24	94.7
ETE73401.1	sp|Q4QXT9|FA10_TROCA	89.38	480	51	0	414	893	1	480	0.0	890
ETE73401.1	sp|Q4QXT9|FA10_TROCA	40.88	455	211	7	16	418	25	473	2e-109	353
ETE73401.1	sp|Q4QXT9|FA10_TROCA	27.78	216	147	6	1015	1222	249	463	2e-18	87.0
ETE73401.1	sp|Q4QXT9|FA10_TROCA	34.42	154	55	4	892	1000	22	174	3e-16	80.1
ETE73392.1	sp|Q58L95|FAXC_OXYMI	35.54	166	68	6	23	186	36	164	4e-19	87.4
ETE73390.1	sp|Q2XXR8|VAR1_VARVA	61.82	55	21	0	1	55	49	103	2e-23	84.3
ETE73354.1	sp|A3QVN9|HYAL1_BITAR	44.79	422	227	3	1	416	24	445	3e-136	400
ETE73352.1	sp|A3QVN9|HYAL1_BITAR	44.55	422	204	3	47	439	20	440	5e-129	383
ETE73351.1	sp|B5U6Y3|VSP_ECHOC	30.21	235	138	11	436	655	25	248	7e-19	84.7
ETE73345.1	sp|A3QVN5|HYAL4_CERCE	37.10	442	222	9	7	398	4	439	9e-93	288
ETE73341.1	sp|J3S9D9|RCN2V_CROAD	40.89	269	157	2	108	374	28	296	6e-62	201
ETE73325.1	sp|Q8AY75|CALGL_BOTIN	32.76	116	68	4	12	120	9	121	2e-07	46.6
ETE73313.1	sp|Q3SB11|CALGL_TROCA	32.17	143	85	5	47	185	8	142	2e-10	53.5
ETE73302.1	sp|Q7M4I3|SP4_BOMPE	37.24	239	126	7	523	746	1	230	2e-40	147
ETE73283.1	sp|D8VNT0|FCNV4_CERRY	28.03	264	99	7	68	283	125	345	6e-23	93.6
ETE73249.1	sp|Q56VR3|FAXC_PSETE	36.54	104	54	5	18	119	79	172	2e-09	57.8
ETE73248.1	sp|Q9XZC0|LCTA_LATTR	30.83	133	90	2	2	132	798	930	4e-12	67.4
ETE73248.1	sp|Q9XZC0|LCTA_LATTR	33.56	149	95	3	1	145	662	810	7e-12	66.6
ETE73248.1	sp|Q9XZC0|LCTA_LATTR	31.16	138	93	1	6	141	769	906	1e-10	62.8
ETE73248.1	sp|Q9XZC0|LCTA_LATTR	29.03	155	94	5	1	139	994	1148	4e-08	54.3
ETE73248.1	sp|Q9XZC0|LCTA_LATTR	32.39	142	88	5	8	141	462	603	2e-06	48.5
ETE73248.1	sp|Q9XZC0|LCTA_LATTR	33.62	116	71	4	32	141	625	740	8e-06	47.0
ETE73248.1	sp|Q9XZC0|LCTA_LATTR	29.56	159	104	5	2	153	628	785	1e-05	46.6
ETE73206.1	sp|Q75WF2|DNA2_ACAPL	39.00	359	206	7	45	396	5	357	1e-83	260
ETE73201.1	sp|A6MFK7|FAXD1_DEMVE	33.61	119	62	4	670	781	88	196	6e-09	57.0
ETE73201.1	sp|A6MFK7|FAXD1_DEMVE	41.43	70	36	2	766	832	88	155	8e-07	50.1
ETE73197.1	sp|G4V4G1|IGFBP_CUPSA	48.78	41	21	0	21	61	205	245	1e-08	47.0
ETE73192.1	sp|G4V4G1|IGFBP_CUPSA	41.71	187	98	5	65	242	19	203	2e-40	139
ETE73119.1	sp|Q8JFX8|BM8F_BOMMX	38.71	62	34	2	48	105	25	86	1e-05	38.5
ETE73101.1	sp|Q3SB14|CALGL_OXYMI	35.71	70	45	0	611	680	4	73	6e-08	50.1
ETE73040.1	sp|D3TTC2|VM3H_NAJAT	26.34	543	298	22	30	550	48	510	3e-34	135
ETE73036.1	sp|J3RZ81|LIPE_CROAD	43.94	421	225	6	16	432	56	469	7e-123	369
ETE73010.1	sp|Q25338|LITD_LATTR	29.57	186	122	4	81	261	603	784	7e-14	69.3
ETE73010.1	sp|Q25338|LITD_LATTR	32.02	178	107	4	114	291	743	906	2e-10	58.5
ETE73010.1	sp|Q25338|LITD_LATTR	27.84	194	124	5	112	303	774	953	4e-08	51.6
ETE73010.1	sp|Q25338|LITD_LATTR	31.68	161	99	7	114	270	504	657	4e-07	48.5
ETE72992.1	sp|D8VNS9|FCNV3_CERRY	61.90	42	15	1	72	112	49	90	7e-07	44.7
ETE72991.1	sp|D8VNS8|FCNV2_CERRY	60.87	46	15	1	215	260	51	93	3e-07	49.7
ETE72945.1	tr|A0A194ATH1|A0A194ATH1_SISTE	34.56	599	355	15	1168	1751	31	607	2e-104	350
ETE72945.1	tr|A0A194ATH1|A0A194ATH1_SISTE	33.94	601	359	14	2183	2769	31	607	4e-102	343
ETE72945.1	tr|A0A194ATH1|A0A194ATH1_SISTE	32.56	516	328	11	38	540	31	539	6e-88	301
ETE72945.1	tr|A0A194ATH1|A0A194ATH1_SISTE	33.08	532	322	13	550	1071	100	607	1e-86	297
ETE72945.1	tr|A0A194ATH1|A0A194ATH1_SISTE	29.46	129	84	4	1876	1999	31	157	2e-13	73.2
ETE72934.1	tr|A0A0K1D8J1|A0A0K1D8J1_9ARAC	36.36	55	35	0	65	119	83	137	2e-07	47.8
ETE72934.1	tr|A0A0K1D8J1|A0A0K1D8J1_9ARAC	34.57	81	33	2	162	242	67	127	4e-06	43.5
ETE72917.1	sp|Q8AY75|CALGL_BOTIN	39.06	64	38	1	118	181	86	148	5e-07	44.3
ETE72893.1	sp|E2IYB3|FCNV1_VARKO	56.60	53	18	2	206	258	57	104	7e-07	47.8
ETE72822.1	sp|Q02989|LITA_LATTR	26.67	195	116	7	87	263	831	1016	5e-09	55.1
ETE72809.1	sp|Q76B45|BLTX_BLABR	35.16	256	126	9	24	247	28	275	3e-38	139
ETE72809.1	sp|Q76B45|BLTX_BLABR	38.37	172	88	9	307	470	121	282	2e-23	97.4
ETE72803.1	sp|P0DKM9|TU11_LOPAL	44.68	47	24	1	117	163	1	45	5e-07	44.3
ETE72775.1	sp|B5U2W0|VSP_BOMIG	26.09	253	160	12	477	727	125	352	7e-18	82.8
ETE72756.1	tr|B5KFV3|B5KFV3_PSEAU	30.13	604	338	16	103	663	51	613	6e-76	257
ETE72753.1	sp|B5U2W0|VSP_BOMIG	32.94	252	140	8	499	732	112	352	4e-38	145
ETE72712.1	sp|P62022|PA2BC_CRODU	41.07	112	57	4	14	123	34	138	2e-19	77.4
ETE72669.1	sp|Q8AY75|CALGL_BOTIN	31.76	148	97	2	107	254	5	148	6e-16	70.5
ETE72659.1	sp|P86468|TX150_BUNCI	64.52	31	7	2	171	197	15	45	9e-07	45.8
ETE72410.1	sp|Q9XZC0|LCTA_LATTR	26.35	334	223	8	12	334	628	949	7e-22	96.3
ETE72410.1	sp|Q9XZC0|LCTA_LATTR	23.81	357	191	14	97	379	477	826	4e-11	62.4
ETE72410.1	sp|Q9XZC0|LCTA_LATTR	20.46	391	259	10	1	345	754	1138	5e-06	45.8
ETE72410.1	sp|Q9XZC0|LCTA_LATTR	29.57	115	77	3	162	273	1058	1171	5e-06	45.8
ETE72410.1	sp|Q9XZC0|LCTA_LATTR	30.83	120	81	2	39	157	1068	1186	9e-06	45.1
ETE72404.1	sp|Q9XZC0|LCTA_LATTR	33.93	112	74	0	551	662	742	853	1e-10	62.0
ETE72404.1	sp|Q9XZC0|LCTA_LATTR	25.40	248	174	7	102	345	704	944	2e-09	58.5
ETE72404.1	sp|Q9XZC0|LCTA_LATTR	28.70	223	146	8	111	326	475	691	8e-08	53.1
ETE72404.1	sp|Q9XZC0|LCTA_LATTR	29.03	124	85	3	547	667	669	792	1e-06	49.3
ETE72404.1	sp|Q9XZC0|LCTA_LATTR	23.55	276	173	8	94	336	763	1033	7e-06	46.6
ETE72364.1	sp|A8QL53|VSP1_NAJAT	81.56	282	29	1	1	259	1	282	2e-169	471
ETE72359.1	sp|G0LXV8|LATA_LATHA	27.54	167	111	1	27	193	769	925	3e-16	81.3
ETE72359.1	sp|G0LXV8|LATA_LATHA	23.98	171	116	2	40	207	1022	1181	2e-08	55.5
ETE72359.1	sp|G0LXV8|LATA_LATHA	28.17	142	87	3	15	153	824	953	5e-08	54.3
ETE72359.1	sp|G0LXV8|LATA_LATHA	26.29	251	144	8	15	234	622	862	5e-07	50.8
ETE72359.1	sp|G0LXV8|LATA_LATHA	26.98	189	118	6	28	209	465	640	1e-06	49.7
ETE72159.1	sp|Q5BLY5|ACPH1_APIME	27.35	362	252	6	19	375	1	356	7e-38	140
ETE72123.1	sp|P0DP54|PA2V_MEIAT	52.74	146	66	2	40	185	7	149	3e-52	165
ETE72008.1	sp|Q9XZC0|LCTA_LATTR	26.33	300	161	8	6	250	559	853	1e-20	92.0
ETE72008.1	sp|Q9XZC0|LCTA_LATTR	23.97	242	165	3	2	242	454	677	1e-14	73.6
ETE72008.1	sp|Q9XZC0|LCTA_LATTR	24.00	250	161	7	1	246	725	949	2e-14	72.4
ETE72008.1	sp|Q9XZC0|LCTA_LATTR	24.89	233	149	6	21	249	676	886	4e-11	62.4
ETE72008.1	sp|Q9XZC0|LCTA_LATTR	25.97	181	97	6	81	227	999	1176	2e-06	47.0
ETE71914.1	sp|C6EVG1|EXE4_HELSC	50.00	36	18	0	7	42	41	76	1e-08	44.7
ETE71904.1	sp|Q3SB11|CALGL_TROCA	30.15	136	91	3	187	321	12	144	1e-12	63.2
ETE71904.1	sp|Q3SB11|CALGL_TROCA	30.56	144	74	4	66	188	5	143	5e-12	60.8
ETE71838.1	sp|Q02989|LITA_LATTR	30.30	99	64	1	353	451	832	925	3e-07	50.8
ETE71824.1	sp|Q8AY75|CALGL_BOTIN	25.56	133	90	4	32	160	9	136	4e-06	42.0
ETE71798.1	sp|Q9XZC0|LCTA_LATTR	26.67	180	108	7	557	715	495	671	2e-08	55.8
ETE71751.1	sp|Q7SZN0|FA5V_PSETE	33.33	168	91	4	393	555	1306	1457	4e-21	97.1
ETE71751.1	sp|Q7SZN0|FA5V_PSETE	28.98	245	130	8	314	555	1095	1298	3e-15	77.8
ETE71740.1	sp|Q3SB11|CALGL_TROCA	30.07	143	90	4	32	167	9	148	1e-11	57.0
ETE71713.1	sp|P0DL86|VKT21_HETCR	55.56	54	24	0	280	333	1	54	4e-17	75.5
ETE71703.1	sp|G0LXV8|LATA_LATHA	26.67	195	105	4	28	184	694	888	6e-15	71.6
ETE71703.1	sp|G0LXV8|LATA_LATHA	32.89	149	92	4	41	184	676	821	3e-10	57.8
ETE71703.1	sp|G0LXV8|LATA_LATHA	26.83	164	85	2	52	180	754	917	6e-10	56.6
ETE71703.1	sp|G0LXV8|LATA_LATHA	32.77	119	73	4	72	184	469	586	8e-07	47.0
ETE71703.1	sp|G0LXV8|LATA_LATHA	26.17	214	109	6	50	223	616	820	2e-06	45.8
ETE71680.1	sp|Q7SZN0|FA5V_PSETE	39.16	166	88	3	227	387	1302	1459	4e-29	121
ETE71680.1	sp|Q7SZN0|FA5V_PSETE	30.59	170	106	3	221	387	1140	1300	3e-19	89.4
ETE71646.1	sp|Q9XZC0|LCTA_LATTR	25.90	278	182	6	69	342	760	1017	2e-19	92.0
ETE71646.1	sp|Q9XZC0|LCTA_LATTR	23.58	352	205	11	69	376	522	853	6e-12	67.8
ETE71646.1	sp|Q9XZC0|LCTA_LATTR	21.28	329	208	10	62	349	853	1171	3e-09	58.9
ETE71601.1	sp|Q8AY75|CALGL_BOTIN	32.87	143	85	5	33	167	9	148	5e-13	60.8
ETE71596.1	tr|A0A194APF1|A0A194APF1_9SAUR	29.64	631	389	15	27	626	5	611	1e-86	286
ETE71585.1	sp|P83234|VESP_OPHHA	27.33	150	94	5	243	388	47	185	1e-10	57.4
ETE71567.1	sp|A8QL51|OXLA_BUNMU	23.21	224	139	6	114	332	306	501	1e-06	46.6
ETE71527.1	sp|E2IYB3|FCNV1_VARKO	54.17	48	19	1	1343	1387	56	103	1e-08	54.7
ETE71527.1	sp|E2IYB3|FCNV1_VARKO	48.15	54	28	0	1382	1435	50	103	2e-07	50.8
ETE71527.1	sp|E2IYB3|FCNV1_VARKO	38.16	76	26	1	1399	1474	49	103	2e-06	48.1
ETE71527.1	sp|E2IYB3|FCNV1_VARKO	45.61	57	28	1	1385	1441	50	103	3e-06	47.0
ETE71527.1	sp|E2IYB3|FCNV1_VARKO	45.00	60	33	0	1430	1489	50	109	6e-06	46.2
ETE71525.1	sp|Q25338|LITD_LATTR	32.64	337	201	8	174	490	535	865	1e-28	123
ETE71525.1	sp|Q25338|LITD_LATTR	28.53	375	245	12	165	519	457	828	7e-23	104
ETE71525.1	sp|Q25338|LITD_LATTR	29.57	186	130	1	116	301	748	932	9e-18	87.4
ETE71525.1	sp|Q25338|LITD_LATTR	28.45	355	234	11	116	453	544	895	1e-16	84.0
ETE71525.1	sp|Q25338|LITD_LATTR	38.40	125	76	1	885	1009	743	866	5e-15	78.6
ETE71525.1	sp|Q25338|LITD_LATTR	27.70	296	176	10	874	1156	494	764	4e-14	75.5
ETE71525.1	sp|Q25338|LITD_LATTR	30.99	142	94	3	384	522	488	628	5e-06	49.3
ETE71525.1	sp|Q25338|LITD_LATTR	30.38	79	54	1	935	1012	488	566	7e-06	48.5
ETE71483.1	sp|P85843|AMY_TITSE	63.16	38	14	0	558	595	1	38	9e-13	63.2
ETE71483.1	sp|P85843|AMY_TITSE	60.71	28	11	0	83	110	11	38	3e-06	43.9
ETE71416.1	sp|Q98989|STXA_SYNHO	33.20	253	151	7	334	572	448	696	1e-28	118
ETE71413.1	sp|J3SEZ3|PDE1_CROAD	25.61	164	97	3	42	183	295	455	1e-13	66.6
ETE71399.1	sp|Q9XZC0|LCTA_LATTR	26.11	157	88	4	113	269	727	855	2e-09	57.8
ETE71399.1	sp|Q9XZC0|LCTA_LATTR	31.15	122	57	4	113	228	658	758	1e-08	55.1
ETE71399.1	sp|Q9XZC0|LCTA_LATTR	29.66	118	66	4	112	229	792	892	1e-07	52.0
ETE71288.1	sp|Q9XZC0|LCTA_LATTR	30.39	306	197	8	49	351	527	819	2e-31	126
ETE71288.1	sp|Q9XZC0|LCTA_LATTR	26.95	308	215	6	8	311	690	991	6e-27	113
ETE71288.1	sp|Q9XZC0|LCTA_LATTR	25.55	411	220	11	9	348	554	949	7e-24	103
ETE71288.1	sp|Q9XZC0|LCTA_LATTR	26.88	279	169	4	70	314	481	758	5e-20	91.3
ETE71288.1	sp|Q9XZC0|LCTA_LATTR	21.73	405	252	15	11	368	825	1211	1e-11	64.7
ETE71275.1	sp|E2IYB3|FCNV1_VARKO	51.85	54	26	0	14	67	49	102	2e-06	43.1
ETE71259.1	sp|Q8AY75|CALGL_BOTIN	22.63	137	99	1	23	152	7	143	1e-08	51.2
ETE71219.1	sp|G4V4G1|IGFBP_CUPSA	31.75	126	74	3	299	424	141	254	1e-06	48.5
ETE71188.1	sp|P0CV91|PRDX4_CROAT	86.21	29	0	1	259	287	1	25	3e-09	50.4
ETE71158.1	sp|G0LXV8|LATA_LATHA	29.85	335	183	13	115	404	578	905	4e-23	102
ETE71158.1	sp|G0LXV8|LATA_LATHA	28.44	225	144	10	177	391	470	687	6e-10	59.7
ETE71158.1	sp|G0LXV8|LATA_LATHA	24.58	297	173	8	154	404	481	772	8e-09	55.8
ETE71158.1	sp|G0LXV8|LATA_LATHA	22.54	284	158	9	155	385	887	1161	1e-06	48.9
ETE71152.1	sp|Q9XZC0|LCTA_LATTR	38.05	113	63	3	74	184	497	604	4e-11	59.3
ETE71152.1	sp|Q9XZC0|LCTA_LATTR	29.53	149	98	1	77	218	733	881	1e-10	58.2
ETE71152.1	sp|Q9XZC0|LCTA_LATTR	38.37	86	51	1	109	192	732	817	4e-10	56.6
ETE71152.1	sp|Q9XZC0|LCTA_LATTR	34.19	117	69	4	74	184	456	570	4e-08	50.4
ETE71152.1	sp|Q9XZC0|LCTA_LATTR	33.65	104	67	2	85	187	1085	1187	7e-08	49.7
ETE71152.1	sp|Q9XZC0|LCTA_LATTR	32.26	124	77	3	82	203	533	651	5e-07	47.4
ETE71152.1	sp|Q9XZC0|LCTA_LATTR	33.64	110	68	4	79	184	564	672	4e-06	44.3
ETE71136.1	sp|D8VNS8|FCNV2_CERRY	46.95	213	109	3	268	479	130	339	1e-55	189
ETE71088.1	sp|Q9XZC0|LCTA_LATTR	27.53	523	317	19	104	588	495	993	3e-34	139
ETE71088.1	sp|Q9XZC0|LCTA_LATTR	29.07	399	236	16	180	550	470	849	1e-29	124
ETE71088.1	sp|Q9XZC0|LCTA_LATTR	24.01	379	233	9	52	422	613	944	6e-21	96.7
ETE71088.1	sp|Q9XZC0|LCTA_LATTR	22.32	542	338	18	52	528	647	1170	5e-19	90.1
ETE71088.1	sp|Q9XZC0|LCTA_LATTR	23.22	366	188	12	69	355	833	1184	4e-09	57.8
ETE71088.1	sp|Q9XZC0|LCTA_LATTR	24.24	231	146	7	79	288	965	1187	4e-08	54.3
ETE71071.1	sp|A6MFK7|FAXD1_DEMVE	37.80	82	42	4	370	445	82	160	8e-07	49.7
ETE71071.1	sp|A6MFK7|FAXD1_DEMVE	43.06	72	34	3	594	661	88	156	6e-06	47.0
ETE71052.1	sp|Q9XZC0|LCTA_LATTR	31.39	137	62	3	69	204	499	604	6e-09	55.8
ETE70952.1	sp|P25428|NGFV_MACLB	45.81	155	73	3	47	197	89	236	2e-40	137
ETE70939.1	sp|A6MFK7|FAXD1_DEMVE	40.20	102	38	4	4	105	6	84	3e-10	55.8
ETE70935.1	sp|J3S9D9|RCN2V_CROAD	40.14	279	160	3	83	354	28	306	2e-65	210
ETE70814.1	sp|G0LXV8|LATA_LATHA	29.45	163	105	4	821	980	1025	1180	3e-09	57.8
ETE70814.1	sp|G0LXV8|LATA_LATHA	26.43	140	94	3	813	949	1050	1183	2e-06	48.9
ETE70814.1	sp|G0LXV8|LATA_LATHA	31.03	87	58	2	861	946	853	938	3e-06	48.1
ETE70800.1	sp|D8VNT0|FCNV4_CERRY	40.79	228	94	9	70	291	146	338	7e-38	136
ETE70794.1	sp|A6MFK8|FAXD2_DEMVE	32.76	174	83	4	4	176	15	155	3e-22	97.4
ETE70770.1	sp|Q9XZC0|LCTA_LATTR	23.94	284	191	5	1680	1945	668	944	3e-15	79.0
ETE70770.1	sp|Q9XZC0|LCTA_LATTR	27.27	275	175	6	1716	1987	635	887	8e-13	71.2
ETE70770.1	sp|Q9XZC0|LCTA_LATTR	28.73	268	165	5	1742	1986	588	852	4e-12	68.9
ETE70770.1	sp|Q9XZC0|LCTA_LATTR	27.78	216	134	7	1744	1954	522	720	5e-10	62.0
ETE70770.1	sp|Q9XZC0|LCTA_LATTR	29.73	222	127	10	1798	2000	526	737	1e-09	60.5
ETE70749.1	sp|Q9XZC0|LCTA_LATTR	26.04	649	416	18	32	639	485	1110	1e-49	192
ETE70749.1	sp|Q9XZC0|LCTA_LATTR	25.94	663	424	15	16	636	536	1173	1e-46	182
ETE70749.1	sp|Q9XZC0|LCTA_LATTR	31.49	416	244	9	231	637	481	864	6e-41	164
ETE70749.1	sp|Q9XZC0|LCTA_LATTR	27.45	510	309	13	91	583	477	942	6e-38	154
ETE70749.1	sp|Q9XZC0|LCTA_LATTR	24.64	625	340	19	35	586	623	1189	8e-35	144
ETE70749.1	sp|Q9XZC0|LCTA_LATTR	26.48	491	289	13	33	471	725	1195	4e-30	129
ETE70749.1	sp|Q9XZC0|LCTA_LATTR	24.53	534	328	16	16	494	672	1185	4e-29	125
ETE70698.1	sp|P0C8G6|PV21_POMCA	25.29	170	103	5	315	465	170	334	9e-08	51.6
ETE70641.1	tr|T1DMN4|T1DMN4_CROOH	25.52	482	270	20	14	450	68	505	7e-17	81.3
ETE70591.1	sp|D8VNT0|FCNV4_CERRY	41.40	215	118	5	283	494	128	337	4e-42	152
ETE70570.1	sp|D8VNS8|FCNV2_CERRY	37.89	95	41	3	497	590	17	94	3e-06	48.1
ETE70564.1	sp|Q92035|ACES_BUNFA	41.09	550	302	10	14	551	19	558	3e-127	408
ETE70564.1	sp|Q92035|ACES_BUNFA	40.15	518	290	8	888	1387	39	554	2e-114	373
ETE70564.1	sp|Q92035|ACES_BUNFA	29.58	284	179	7	566	837	35	309	1e-22	100
ETE70564.1	sp|Q92035|ACES_BUNFA	36.59	123	74	3	682	801	284	405	3e-16	80.9
ETE70551.1	sp|P0CV91|PRDX4_CROAT	64.10	39	10	1	173	211	1	35	5e-10	51.6
ETE70527.1	sp|B2D0J4|VDPP4_APIME	34.24	771	460	19	13	751	16	771	4e-140	432
ETE70525.1	sp|B2D0J4|VDPP4_APIME	33.78	740	428	21	9	705	51	771	5e-126	394
ETE70524.1	sp|P20394|EXE3_HELHO	34.94	83	45	2	4	85	5	79	2e-07	45.1
ETE70524.1	sp|P20394|EXE3_HELHO	47.06	34	18	0	112	145	43	76	6e-06	40.4
ETE70432.1	sp|Q3SB11|CALGL_TROCA	44.97	149	81	1	32	179	1	149	1e-38	129
ETE70407.1	sp|P82807|FAXD1_NOTSC	33.33	111	59	5	618	725	57	155	1e-06	49.3
ETE70344.1	sp|P23631|LATA_LATTR	30.59	85	59	0	45	129	715	799	1e-10	56.2
ETE70299.1	sp|P04204|EXE2_HELSU	52.94	34	16	0	118	151	45	78	2e-07	44.3
ETE70299.1	sp|P04204|EXE2_HELSU	46.15	39	21	0	72	110	44	82	1e-06	42.4
ETE70278.1	sp|Q71QI5|VSP03_TRIST	35.71	56	36	0	1	56	10	65	6e-06	42.0
ETE70266.1	sp|P0DJE3|LATA_LATHE	24.97	801	500	26	12	742	319	1088	2e-43	167
ETE70266.1	sp|P0DJE3|LATA_LATHE	23.65	554	361	14	176	702	672	1190	4e-27	115
ETE70266.1	sp|P0DJE3|LATA_LATHE	26.83	164	114	2	195	352	1034	1197	5e-08	53.5
ETE70263.1	sp|Q58L94|FAXD2_NOTSC	35.29	204	109	7	508	696	254	449	8e-26	108
ETE70213.1	tr|A0A1L8D5V8|A0A1L8D5V8_BOTAT	22.42	504	275	24	94	550	43	477	9e-15	76.3
ETE70187.1	sp|Q2XXP5|CRVP_TELDH	37.17	191	98	7	227	411	31	205	1e-25	103
ETE70187.1	sp|Q2XXP5|CRVP_TELDH	36.67	120	59	6	64	179	30	136	1e-10	58.9
ETE70145.1	sp|Q25338|LITD_LATTR	32.85	137	74	2	10	128	737	873	1e-11	59.3
ETE70145.1	sp|Q25338|LITD_LATTR	35.14	111	68	4	45	151	483	593	3e-10	55.1
ETE70145.1	sp|Q25338|LITD_LATTR	33.33	129	59	7	12	117	603	727	1e-07	47.4
ETE70145.1	sp|Q25338|LITD_LATTR	36.46	96	43	4	12	105	500	579	2e-07	46.2
ETE70145.1	sp|Q25338|LITD_LATTR	30.00	140	81	4	12	150	705	828	3e-07	45.8
ETE70145.1	sp|Q25338|LITD_LATTR	30.77	143	78	5	10	149	567	691	4e-07	45.4
ETE70123.1	sp|E2IYB3|FCNV1_VARKO	49.15	59	30	0	1328	1386	48	106	4e-06	47.0
ETE70090.1	sp|B0VXW0|OXLA_SISCA	51.72	58	28	0	173	230	48	105	7e-11	62.0
ETE70059.1	sp|A6MFK9|CRVP_DEMVE	34.50	171	79	7	66	212	37	198	1e-17	76.3
ETE70050.1	sp|C0K3N5|VEGFA_VIPAA	79.43	175	25	1	71	234	12	186	2e-97	283
ETE70048.1	sp|Q9XZC0|LCTA_LATTR	26.10	249	170	5	669	911	702	942	6e-14	74.3
ETE70048.1	sp|Q9XZC0|LCTA_LATTR	27.66	188	127	5	640	819	498	684	2e-09	59.3
ETE70048.1	sp|Q9XZC0|LCTA_LATTR	27.78	234	117	8	687	875	481	707	2e-07	52.8
ETE70048.1	sp|Q9XZC0|LCTA_LATTR	26.19	168	108	4	671	823	1001	1167	4e-06	48.5
ETE69934.1	sp|Q8AY75|CALGL_BOTIN	33.76	157	89	2	23	178	5	147	7e-21	83.2
ETE69934.1	sp|Q8AY75|CALGL_BOTIN	35.96	89	43	2	18	106	74	148	2e-08	48.1
ETE69927.1	sp|Q9XZC0|LCTA_LATTR	26.99	163	108	2	32	183	742	904	1e-09	58.2
ETE69925.1	sp|B4XT07|SLB8_MACLB	36.73	49	29	1	129	175	2	50	1e-06	43.5
ETE69881.1	sp|Q58L93|FAXD_PSEPO	24.64	280	175	13	350	600	88	360	3e-07	50.1
ETE69821.1	sp|Q2XXR8|VAR1_VARVA	76.12	67	16	0	1	67	36	102	6e-35	114
ETE69757.1	sp|Q8AY75|CALGL_BOTIN	30.14	146	91	4	209	347	11	152	3e-10	55.5
ETE69756.1	sp|D8VNS9|FCNV3_CERRY	51.06	47	23	0	147	193	47	93	7e-06	43.9
ETE69717.1	sp|Q9XZC0|LCTA_LATTR	32.91	79	43	1	169	237	871	949	1e-06	46.6
ETE69717.1	sp|Q9XZC0|LCTA_LATTR	33.98	103	59	4	158	254	498	597	8e-06	44.3
ETE69695.1	sp|Q58L95|FAXC_OXYMI	51.61	62	30	0	3	64	24	85	3e-15	71.2
ETE69555.1	sp|Q56EB1|SLAA_BOTJA	31.10	164	82	7	640	800	18	153	2e-11	61.2
ETE69553.1	sp|Q6X5S9|SL1_ECHCS	30.60	134	67	5	330	442	10	138	1e-09	54.7
ETE69552.1	sp|A7X413|LECM3_ERYPO	37.96	137	79	4	395	526	26	161	1e-18	84.0
ETE69551.1	sp|A7X413|LECM3_ERYPO	29.69	128	82	5	11	135	27	149	2e-09	51.6
ETE69508.1	sp|J3SEZ3|PDE1_CROAD	44.25	870	407	16	38	881	33	850	0.0	743
ETE69459.1	sp|Q9XZC0|LCTA_LATTR	28.14	263	163	9	426	678	592	838	7e-13	69.3
ETE69459.1	sp|Q9XZC0|LCTA_LATTR	23.27	245	166	6	385	621	691	921	1e-07	52.0
ETE69444.1	sp|Q8AY75|CALGL_BOTIN	28.95	114	76	2	62	172	13	124	9e-08	47.4
ETE69425.1	sp|Q9IAY1|VM1H2_DEIAC	27.55	432	224	22	161	580	42	396	6e-27	111
ETE69401.1	tr|A0A0K1D8J1|A0A0K1D8J1_9ARAC	32.73	110	65	4	695	802	40	142	1e-08	52.8
ETE69387.1	sp|Q98989|STXA_SYNHO	32.89	149	74	9	502	625	544	691	9e-13	68.2
ETE69371.1	sp|C9WMM5|VCP_APIME	40.51	474	210	11	9	420	4	467	7e-105	320
ETE69361.1	sp|Q09GK0|SLB_PHIOL	37.88	132	65	4	1441	1564	23	145	1e-19	87.0
ETE69358.1	sp|Q58L91|FA5V_OXYSU	35.78	327	142	6	179	452	1146	1457	4e-54	194
ETE69358.1	sp|Q58L91|FA5V_OXYSU	35.85	159	100	1	179	337	1302	1458	4e-25	105
ETE69340.1	sp|A6MFK8|FAXD2_DEMVE	31.33	249	154	7	469	714	226	460	1e-33	132
ETE69339.1	sp|D8VNT0|FCNV4_CERRY	40.89	225	117	4	127	350	127	336	1e-47	164
ETE69300.1	sp|A7X406|LECM1_PHIOL	34.86	109	62	5	739	841	27	132	2e-06	45.8
ETE69241.1	sp|F8RKV9|VM39_DRYCN	33.16	564	295	13	8	502	57	607	5e-86	283
ETE69215.1	sp|Q25338|LITD_LATTR	25.19	262	162	10	29	278	700	939	1e-06	48.5
ETE69192.1	sp|A0ZSK4|STXB_SYNVE	34.31	137	74	7	485	609	554	686	6e-13	68.6
ETE69189.1	sp|C9WMM5|VCP_APIME	29.02	441	213	14	57	431	59	465	4e-42	153
ETE69076.1	sp|Q56VR3|FAXC_PSETE	33.72	261	146	4	1225	1459	194	453	8e-39	150
ETE69076.1	sp|Q56VR3|FAXC_PSETE	33.09	269	148	9	593	840	209	466	1e-28	119
ETE69053.1	sp|Q58L93|FAXD_PSEPO	57.14	35	15	0	305	339	89	123	3e-06	47.0
ETE69050.1	sp|Q8AY75|CALGL_BOTIN	27.85	158	91	6	62	215	9	147	2e-07	46.6
ETE69035.1	sp|Q1L658|FA102_PSETE	36.17	94	47	4	950	1037	78	164	8e-08	53.1
ETE68974.1	sp|Q76B45|BLTX_BLABR	35.63	261	127	7	26	253	29	281	2e-44	150
ETE68952.1	sp|Q66S03|LECG_THANI	31.25	128	79	4	27	148	33	157	6e-17	72.0
ETE68927.1	sp|P0DKT4|TU92_IOTCI	53.33	45	21	0	33	77	26	70	2e-10	54.3
ETE68915.1	sp|Q8AY75|CALGL_BOTIN	28.48	151	101	4	14	161	2	148	8e-13	60.1
ETE68900.1	sp|Q9XZC0|LCTA_LATTR	31.41	191	115	6	174	352	534	720	2e-11	65.9
ETE68900.1	sp|Q9XZC0|LCTA_LATTR	24.65	215	126	4	195	375	731	943	8e-09	57.8
ETE68900.1	sp|Q9XZC0|LCTA_LATTR	26.18	191	133	6	176	362	644	830	1e-07	53.5
ETE68897.1	sp|D8VNS6|LECM_CERRY	30.53	95	58	4	5	96	69	158	1e-06	40.8
ETE68796.1	sp|P23631|LATA_LATTR	30.17	179	112	3	65	230	763	941	2e-16	79.3
ETE68796.1	sp|P23631|LATA_LATTR	26.47	170	112	2	82	238	714	883	3e-11	62.8
ETE68796.1	sp|P23631|LATA_LATTR	29.17	168	88	7	66	226	492	635	1e-08	54.7
ETE68796.1	sp|P23631|LATA_LATTR	26.41	231	148	8	18	229	514	741	2e-06	47.8
ETE68796.1	sp|P23631|LATA_LATTR	28.87	142	77	4	99	239	1005	1123	7e-06	45.4
ETE68794.1	sp|Q9XZC0|LCTA_LATTR	24.83	294	166	10	4	266	557	826	8e-09	55.8
ETE68794.1	sp|Q9XZC0|LCTA_LATTR	27.22	180	105	6	46	205	736	909	2e-07	51.6
ETE68794.1	sp|Q9XZC0|LCTA_LATTR	25.00	188	114	5	38	205	662	842	7e-06	46.2
ETE68708.1	sp|E2IYB3|FCNV1_VARKO	46.77	62	27	1	2700	2761	49	104	3e-07	51.2
ETE68708.1	sp|E2IYB3|FCNV1_VARKO	52.83	53	25	0	2689	2741	50	102	7e-07	49.7
ETE68708.1	sp|E2IYB3|FCNV1_VARKO	51.85	54	18	2	2646	2699	57	102	7e-06	47.0
ETE68671.1	sp|D8VNS9|FCNV3_CERRY	41.94	93	37	3	233	320	14	94	2e-06	47.4
ETE68656.1	sp|Q5MCS0|VSPHA_HYDHA	31.33	249	150	9	11	259	33	260	3e-27	107
ETE68626.1	sp|Q56VR3|FAXC_PSETE	35.80	81	46	2	281	359	88	164	4e-07	50.4
ETE68584.1	sp|G0LXV8|LATA_LATHA	30.10	103	70	2	278	380	721	821	4e-08	53.9
ETE68584.1	sp|G0LXV8|LATA_LATHA	29.81	104	71	1	279	380	483	586	6e-07	50.1
ETE68584.1	sp|G0LXV8|LATA_LATHA	27.78	108	76	2	278	383	618	725	2e-06	48.1
ETE68584.1	sp|G0LXV8|LATA_LATHA	26.23	122	86	3	278	398	517	635	3e-06	47.8
ETE68574.1	sp|Q593B6|FA5_PSETE	91.78	803	59	2	1	803	1	796	0.0	1495
ETE68574.1	sp|Q593B6|FA5_PSETE	86.82	736	90	2	1195	1924	725	1459	0.0	1332
ETE68574.1	sp|Q593B6|FA5_PSETE	32.73	333	197	7	1284	1614	28	335	4e-50	192
ETE68574.1	sp|Q593B6|FA5_PSETE	34.92	358	199	10	339	687	807	1139	4e-48	186
ETE68574.1	sp|Q593B6|FA5_PSETE	33.88	366	206	9	1265	1604	327	682	8e-47	182
ETE68574.1	sp|Q593B6|FA5_PSETE	32.94	343	196	9	28	344	819	1153	1e-46	181
ETE68571.1	sp|Q92035|ACES_BUNFA	32.60	411	230	10	8	405	191	567	2e-56	200
ETE68566.1	tr|T1DMN4|T1DMN4_CROOH	34.43	122	73	3	7	125	300	417	6e-14	72.8
ETE68547.1	sp|Q5BLY5|ACPH1_APIME	25.07	343	202	10	1	296	22	356	5e-26	103
ETE68525.1	tr|A0A1S3PXP4|A0A1S3PXP4_SALSA	43.18	44	25	0	20	63	63	106	3e-07	42.0
ETE68522.1	sp|Q7SZN0|FA5V_PSETE	39.56	91	50	2	9	94	1313	1403	4e-13	63.2
ETE68522.1	sp|Q7SZN0|FA5V_PSETE	28.87	97	66	2	6	99	1153	1249	6e-07	44.3
ETE68518.1	sp|A6MFK7|FAXD1_DEMVE	38.67	75	37	3	194	263	85	155	3e-06	45.8
ETE68436.1	sp|W5XCJ6|SLCIB_MACLB	35.00	80	44	4	6	82	46	120	4e-06	42.4
ETE68416.1	sp|Q02989|LITA_LATTR	42.03	69	40	0	22	90	790	858	1e-10	55.5
ETE68416.1	sp|Q02989|LITA_LATTR	36.73	98	59	3	22	118	1101	1196	3e-08	48.1
ETE68416.1	sp|Q02989|LITA_LATTR	35.29	85	55	0	9	93	744	828	1e-06	43.1
ETE68345.1	sp|Q6T269|VKT3_BITGA	37.50	136	67	1	39	174	5	122	9e-26	98.6
ETE68345.1	sp|Q6T269|VKT3_BITGA	33.09	139	56	1	123	261	17	118	3e-20	82.8
ETE68345.1	sp|Q6T269|VKT3_BITGA	49.09	55	28	0	49	103	69	123	4e-13	63.2
ETE68345.1	sp|Q6T269|VKT3_BITGA	40.35	57	34	0	205	261	8	64	3e-08	49.3
ETE68321.1	sp|A6MFK7|FAXD1_DEMVE	40.11	177	97	3	16	192	294	461	8e-39	137
ETE68272.1	tr|A0A194ARL7|A0A194ARL7_9SAUR	30.28	545	260	18	189	651	101	607	9e-59	210
ETE68259.1	sp|D8VNT0|FCNV4_CERRY	56.47	85	37	0	259	343	257	341	1e-26	105
ETE68243.1	sp|E2E4L2|PYYV_VARER	70.65	92	23	1	1	88	1	92	3e-44	140
ETE68232.1	sp|W4VSH9|VKT1_TRILK	38.46	130	59	2	37	146	28	156	3e-25	94.7
ETE68231.1	sp|E2IYB3|FCNV1_VARKO	45.76	59	31	1	1821	1878	44	102	6e-07	49.7
ETE68231.1	sp|E2IYB3|FCNV1_VARKO	48.21	56	26	1	1851	1906	51	103	3e-06	47.8
ETE68231.1	sp|E2IYB3|FCNV1_VARKO	43.10	58	27	1	1839	1896	51	102	3e-06	47.4
ETE68199.1	sp|P20897|VM1H2_CRORU	46.25	80	43	0	22	101	19	98	1e-20	81.3
ETE68115.1	sp|Q9XZC0|LCTA_LATTR	28.69	725	417	17	67	695	464	1184	2e-64	241
ETE68115.1	sp|Q9XZC0|LCTA_LATTR	26.06	752	394	21	128	748	451	1171	3e-51	198
ETE68115.1	sp|Q9XZC0|LCTA_LATTR	28.07	659	393	20	51	640	549	1195	4e-51	197
ETE68050.1	sp|D8VNS6|LECM_CERRY	32.63	95	59	3	101	191	40	133	1e-11	57.0
ETE68012.1	sp|G0LXV8|LATA_LATHA	31.40	207	110	8	108	299	992	1181	2e-18	82.8
ETE68012.1	sp|G0LXV8|LATA_LATHA	26.38	163	119	1	120	281	725	887	5e-13	66.6
ETE68012.1	sp|G0LXV8|LATA_LATHA	25.41	122	90	1	142	262	813	934	1e-09	56.6
ETE68012.1	sp|G0LXV8|LATA_LATHA	28.95	152	103	3	140	287	643	793	1e-09	56.2
ETE68012.1	sp|G0LXV8|LATA_LATHA	24.22	161	107	3	120	265	824	984	5e-09	54.3
ETE68012.1	sp|G0LXV8|LATA_LATHA	30.28	142	93	5	117	253	483	623	2e-08	52.4
ETE68012.1	sp|G0LXV8|LATA_LATHA	28.90	173	114	5	96	265	503	669	4e-08	51.6
ETE67994.1	sp|Q9XZC0|LCTA_LATTR	25.79	349	222	4	45	356	585	933	9e-29	117
ETE67994.1	sp|Q9XZC0|LCTA_LATTR	28.40	338	191	10	59	348	769	1103	5e-21	93.6
ETE67994.1	sp|Q9XZC0|LCTA_LATTR	24.33	337	235	6	22	344	524	854	7e-21	93.6
ETE67994.1	sp|Q9XZC0|LCTA_LATTR	26.74	359	215	14	29	379	467	785	3e-20	91.3
ETE67994.1	sp|Q9XZC0|LCTA_LATTR	26.84	272	188	7	48	313	690	956	2e-19	89.0
ETE67994.1	sp|Q9XZC0|LCTA_LATTR	22.91	371	225	12	31	348	807	1169	3e-15	75.5
ETE67994.1	sp|Q9XZC0|LCTA_LATTR	23.10	329	224	7	24	332	867	1186	4e-12	65.5
ETE67881.1	sp|D8VNT0|FCNV4_CERRY	39.27	247	121	5	248	494	128	345	2e-45	162
ETE67880.1	sp|D8VNS8|FCNV2_CERRY	41.96	224	105	7	301	522	143	343	2e-42	153
ETE67879.1	sp|D8VNT0|FCNV4_CERRY	38.55	249	112	7	247	493	128	337	8e-43	154
ETE67877.1	sp|D2YVI2|LECG_PSEAU	26.15	130	83	4	61	177	26	155	6e-08	47.0
ETE67862.1	sp|A3QVN2|HYAL_ECHOC	84.96	339	51	0	1	339	1	339	0.0	628
ETE67862.1	sp|A3QVN2|HYAL_ECHOC	46.41	418	213	4	351	760	26	440	5e-132	402
ETE67861.1	sp|Q9XZC0|LCTA_LATTR	28.20	305	205	5	80	379	630	925	1e-24	106
ETE67861.1	sp|Q9XZC0|LCTA_LATTR	28.29	205	138	3	78	278	732	931	2e-15	77.0
ETE67861.1	sp|Q9XZC0|LCTA_LATTR	24.71	344	235	12	115	446	495	826	3e-13	70.1
ETE67861.1	sp|Q9XZC0|LCTA_LATTR	23.86	352	246	10	78	418	493	833	5e-11	62.8
ETE67861.1	sp|Q9XZC0|LCTA_LATTR	21.99	391	263	13	80	447	800	1171	9e-10	58.5
ETE67861.1	sp|Q9XZC0|LCTA_LATTR	25.86	116	82	3	111	223	1072	1186	3e-06	47.4
ETE67829.1	tr|A0A0B8RRY8|A0A0B8RRY8_BOIIR	42.63	312	148	5	52	363	322	602	2e-70	238
ETE67822.1	sp|Q9XZC0|LCTA_LATTR	29.05	179	123	3	129	305	784	960	1e-15	74.7
ETE67822.1	sp|Q9XZC0|LCTA_LATTR	25.82	182	134	1	131	311	481	662	8e-12	63.2
ETE67822.1	sp|Q9XZC0|LCTA_LATTR	27.53	178	123	5	133	307	687	861	3e-10	58.5
ETE67822.1	sp|Q9XZC0|LCTA_LATTR	29.01	131	88	3	158	286	1057	1184	6e-10	57.4
ETE67822.1	sp|Q9XZC0|LCTA_LATTR	23.13	147	110	2	124	269	812	956	3e-09	55.5
ETE67822.1	sp|Q9XZC0|LCTA_LATTR	27.52	149	103	3	125	272	880	1024	3e-07	48.9
ETE67819.1	sp|Q9XZC0|LCTA_LATTR	30.60	183	115	6	100	270	633	815	4e-13	72.0
ETE67819.1	sp|Q9XZC0|LCTA_LATTR	31.85	135	89	1	100	231	703	837	1e-11	67.0
ETE67819.1	sp|Q9XZC0|LCTA_LATTR	32.17	115	77	1	121	234	760	874	2e-11	66.2
ETE67819.1	sp|Q9XZC0|LCTA_LATTR	34.43	122	62	3	90	198	1065	1181	2e-08	56.6
ETE67819.1	sp|Q9XZC0|LCTA_LATTR	24.40	168	93	1	101	234	773	940	3e-08	56.2
ETE67819.1	sp|Q9XZC0|LCTA_LATTR	40.45	89	51	2	121	207	522	610	1e-07	53.9
ETE67810.1	sp|Q9XZC0|LCTA_LATTR	28.90	173	102	4	56	212	784	951	1e-09	59.7
ETE67810.1	sp|Q9XZC0|LCTA_LATTR	36.05	86	54	1	114	199	750	834	5e-08	53.9
ETE67785.1	sp|Q25338|LITD_LATTR	33.09	139	88	2	53	191	748	881	7e-16	77.4
ETE67785.1	sp|Q25338|LITD_LATTR	30.36	112	78	0	76	187	704	815	7e-10	58.2
ETE67785.1	sp|Q25338|LITD_LATTR	29.69	128	88	2	65	191	793	919	4e-09	55.8
ETE67785.1	sp|Q25338|LITD_LATTR	32.50	120	74	2	71	186	529	645	8e-08	51.6
ETE67750.1	sp|Q2XXL4|VESP_POGBA	33.72	86	54	1	454	539	30	112	9e-08	48.5
ETE67742.1	sp|P81661|VSPA_BOTJA	34.51	226	117	9	454	661	13	225	7e-30	116
ETE67740.1	sp|A6MFK8|FAXD2_DEMVE	50.00	66	32	1	47	112	20	84	5e-13	65.5
ETE67611.1	sp|P81428|FAXD_TROCA	49.32	73	36	1	641	713	383	454	2e-15	76.6
ETE67611.1	sp|P81428|FAXD_TROCA	26.26	179	102	6	456	615	95	262	4e-06	46.6
ETE67609.1	sp|E9NW26|VM2P1_PROMU	25.40	374	226	14	58	403	55	403	5e-23	100
ETE67603.1	sp|Q02989|LITA_LATTR	28.76	226	134	4	246	447	606	828	1e-14	73.6
ETE67603.1	sp|Q02989|LITA_LATTR	27.59	174	112	5	275	446	498	659	2e-09	57.0
ETE67603.1	sp|Q02989|LITA_LATTR	28.57	161	101	3	288	446	478	626	3e-09	56.6
ETE67603.1	sp|Q02989|LITA_LATTR	24.06	187	130	1	279	465	772	946	4e-08	53.1
ETE67603.1	sp|Q02989|LITA_LATTR	23.20	194	127	5	241	431	835	1009	5e-07	49.3
ETE67371.1	sp|C0K3N5|VEGFA_VIPAA	58.57	70	29	0	15	84	37	106	6e-26	98.2
ETE67313.1	sp|P0CV91|PRDX4_CROAT	85.00	40	2	1	129	168	1	36	1e-15	66.2
ETE67285.1	tr|E9KJZ9|E9KJZ9_ECHOC	22.76	290	151	10	34	303	43	279	1e-11	62.4
ETE67284.1	tr|A0A194AQG5|A0A194AQG5_9SAUR	40.59	101	50	5	7	103	308	402	1e-10	60.5
ETE67283.1	tr|A0A1L8D5V7|A0A1L8D5V7_BOTAT	24.77	432	248	16	30	451	32	396	1e-26	113
ETE67282.1	sp|E2IYB3|FCNV1_VARKO	43.75	64	33	1	150	210	49	112	7e-06	43.1
ETE67245.1	sp|F8S0Z7|V5NTD_CROAD	73.86	241	59	2	4	241	333	572	4e-124	366
ETE67245.1	sp|F8S0Z7|V5NTD_CROAD	88.10	42	5	0	2	43	204	245	2e-17	78.2
ETE67241.1	sp|A6MFK7|FAXD1_DEMVE	44.29	70	34	2	520	586	88	155	4e-09	56.2
ETE67233.1	sp|B1A4F7|VDDP4_VESVU	24.88	201	126	5	354	550	36	215	8e-15	74.3
ETE67185.1	sp|Q9XZC0|LCTA_LATTR	33.02	212	127	4	72	274	736	941	4e-22	95.1
ETE67185.1	sp|Q9XZC0|LCTA_LATTR	31.75	211	135	6	72	274	632	841	2e-13	68.6
ETE67185.1	sp|Q9XZC0|LCTA_LATTR	27.35	245	137	7	72	275	565	809	4e-13	67.4
ETE67185.1	sp|Q9XZC0|LCTA_LATTR	28.71	202	125	7	94	277	988	1188	2e-09	56.2
ETE67185.1	sp|Q9XZC0|LCTA_LATTR	33.33	78	51	1	73	149	1113	1190	2e-06	46.2
ETE67176.1	sp|Q8T3S7|VKT1_ARAVE	46.15	52	28	0	176	227	26	77	2e-14	65.9
ETE67166.1	sp|D8VNT0|FCNV4_CERRY	37.25	255	119	8	58	309	120	336	2e-43	152
ETE67151.1	sp|A3FM55|LECM1_HYDHA	53.33	45	20	1	213	257	89	132	8e-09	50.8
ETE67146.1	sp|P22030|SLEB_BOTJA	32.14	84	52	3	41	119	2	85	3e-06	43.5
ETE67110.1	tr|A0A0K1D8J1|A0A0K1D8J1_9ARAC	34.43	61	32	2	72	132	83	135	2e-06	42.0
ETE67092.1	sp|A6MFK7|FAXD1_DEMVE	36.76	68	42	1	556	622	88	155	2e-06	49.3
ETE67065.1	sp|D8VNT0|FCNV4_CERRY	36.90	187	111	4	280	464	161	342	8e-28	110
ETE67042.1	sp|Q92035|ACES_BUNFA	32.55	341	192	10	6	333	249	564	3e-46	169
ETE67026.1	tr|A0A182C5R5|A0A182C5R5_9SAUR	23.82	340	202	14	1	329	10	303	3e-10	60.8
ETE67016.1	sp|Q5BLY5|ACPH1_APIME	22.08	394	232	13	40	408	14	357	5e-10	57.8
ETE67007.1	sp|J3RZ81|LIPE_CROAD	31.48	270	129	8	3	225	105	365	2e-33	125
ETE66948.1	sp|E5L0E4|VSPB_DABSI	30.72	153	90	6	347	495	69	209	6e-14	68.6
ETE66872.1	sp|E2IYB3|FCNV1_VARKO	50.00	62	22	1	7	68	50	102	5e-06	40.0
ETE66849.1	sp|F8RKV9|VM39_DRYCN	75.22	113	26	1	1	113	334	444	8e-53	174
ETE66847.1	sp|P0DKM9|TU11_LOPAL	48.89	45	23	0	100	144	1	45	1e-09	50.4
ETE66816.1	sp|Q8AY75|CALGL_BOTIN	32.43	148	83	2	24	154	5	152	1e-16	70.9
ETE66785.1	sp|Q8AVA4|CRVP_PSEAU	37.70	183	97	7	32	210	29	198	7e-29	110
ETE66785.1	sp|Q8AVA4|CRVP_PSEAU	37.74	106	58	4	214	317	39	138	8e-11	58.2
ETE66745.1	sp|A8QL56|VSP1_OPHHA	86.29	124	17	0	100	223	137	260	1e-73	224
ETE66745.1	sp|A8QL56|VSP1_OPHHA	80.00	30	6	0	65	94	18	47	1e-10	56.6
ETE66726.1	sp|P0DKM8|TU91_IOTCI	44.44	45	25	0	195	239	1	45	6e-08	47.4
ETE66683.1	sp|Q4QXT9|FA10_TROCA	28.93	242	127	10	81	283	236	471	1e-19	85.5
ETE66631.1	sp|J3S9D9|RCN2V_CROAD	56.67	270	43	6	8	203	37	306	2e-83	251
ETE66625.1	sp|J3SE80|CYT2_CROAD	86.03	136	19	0	36	171	1	136	3e-77	227
ETE66623.1	sp|W5XCJ6|SLCIB_MACLB	38.67	75	37	3	46	116	36	105	1e-06	45.4
ETE66559.1	sp|B2D0J5|EST6_APIME	45.61	239	113	5	2	233	49	277	6e-59	197
ETE66549.1	sp|D8VNS7|FCNV1_CERRY	43.10	232	121	4	154	385	117	337	4e-50	172
ETE66474.1	sp|Q3SB05|CRVP_PSETE	31.13	151	97	3	4	147	33	183	2e-15	68.2
ETE66447.1	sp|Q9XZC0|LCTA_LATTR	29.90	194	124	5	66	252	649	837	8e-16	75.9
ETE66447.1	sp|Q9XZC0|LCTA_LATTR	26.89	212	147	5	68	277	687	892	4e-14	70.9
ETE66447.1	sp|Q9XZC0|LCTA_LATTR	29.35	184	125	5	76	255	525	707	2e-12	65.5
ETE66447.1	sp|Q9XZC0|LCTA_LATTR	30.05	193	127	5	66	255	753	940	5e-12	64.3
ETE66447.1	sp|Q9XZC0|LCTA_LATTR	24.28	173	94	4	92	263	1056	1192	1e-07	50.4
ETE66447.1	sp|Q9XZC0|LCTA_LATTR	36.17	94	58	2	84	177	871	962	3e-07	48.9
ETE66447.1	sp|Q9XZC0|LCTA_LATTR	26.05	119	86	2	144	261	526	643	2e-06	47.0
ETE66447.1	sp|Q9XZC0|LCTA_LATTR	44.93	69	36	2	54	121	1117	1184	2e-06	46.6
ETE66416.1	sp|Q25338|LITD_LATTR	30.99	384	249	11	17	389	515	893	3e-31	130
ETE66416.1	sp|Q25338|LITD_LATTR	23.59	373	245	3	57	389	488	860	9e-21	96.7
ETE66416.1	sp|Q25338|LITD_LATTR	28.26	184	127	4	21	201	757	938	2e-08	56.2
ETE66416.1	sp|Q25338|LITD_LATTR	28.57	154	93	3	242	392	455	594	3e-07	52.4
ETE66355.1	sp|Q02989|LITA_LATTR	40.00	110	64	1	88	197	718	825	2e-16	75.9
ETE66355.1	sp|Q02989|LITA_LATTR	30.88	136	76	2	74	191	1114	1249	1e-10	57.8
ETE66355.1	sp|Q02989|LITA_LATTR	29.85	134	77	6	71	200	1082	1202	2e-08	51.2
ETE66355.1	sp|Q02989|LITA_LATTR	30.43	138	92	3	80	215	507	642	3e-08	50.8
ETE66355.1	sp|Q02989|LITA_LATTR	38.55	83	49	2	100	180	628	710	2e-07	48.5
ETE66355.1	sp|Q02989|LITA_LATTR	29.73	148	96	4	71	215	801	943	3e-06	45.1
ETE66325.1	sp|Q3SB11|CALGL_TROCA	44.59	148	81	1	33	179	2	149	7e-38	128
ETE66304.1	sp|D8VNT0|FCNV4_CERRY	35.71	154	94	4	169	319	186	337	2e-18	81.6
ETE66273.1	sp|D8VNS6|LECM_CERRY	33.83	133	80	4	279	404	26	157	2e-18	83.2
ETE66273.1	sp|D8VNS6|LECM_CERRY	26.56	128	89	3	723	846	29	155	3e-10	58.5
ETE66273.1	sp|D8VNS6|LECM_CERRY	28.67	150	89	9	859	1001	17	155	8e-08	50.4
ETE66273.1	sp|D8VNS6|LECM_CERRY	27.46	142	89	7	143	275	22	158	1e-06	47.0
ETE66250.1	sp|Q4JHE1|OXLA_PSEAU	24.03	466	291	18	52	485	64	498	6e-19	86.7
ETE66198.1	sp|Q56VR3|FAXC_PSETE	35.47	172	103	3	468	636	293	459	4e-25	106
ETE66198.1	sp|Q56VR3|FAXC_PSETE	27.84	255	118	10	5	213	219	453	1e-15	77.4
ETE66181.1	sp|D8VNT0|FCNV4_CERRY	46.07	89	47	1	225	312	189	277	9e-19	82.4
ETE66172.1	sp|G0LXV8|LATA_LATHA	27.48	131	84	3	341	468	1006	1128	3e-06	47.0
ETE66074.1	sp|Q7ZT98|CRVP_OPHHA	33.70	184	78	7	59	213	33	201	3e-17	78.6
ETE66024.1	sp|Q9XZC0|LCTA_LATTR	30.26	228	133	4	33	260	741	942	4e-22	99.8
ETE66024.1	sp|Q9XZC0|LCTA_LATTR	29.91	234	147	8	50	270	621	850	1e-15	79.0
ETE66024.1	sp|Q9XZC0|LCTA_LATTR	29.25	253	158	11	24	258	492	741	2e-10	61.6
ETE66024.1	sp|Q9XZC0|LCTA_LATTR	22.27	247	145	7	33	234	807	1051	8e-08	53.1
ETE66024.1	sp|Q9XZC0|LCTA_LATTR	36.36	99	62	1	37	134	1088	1186	1e-07	52.8
ETE66024.1	sp|Q9XZC0|LCTA_LATTR	25.44	228	125	8	72	291	475	665	3e-07	51.2
ETE66024.1	sp|Q9XZC0|LCTA_LATTR	24.66	292	159	13	29	293	970	1227	1e-05	46.2
ETE66023.1	tr|E9JGA7|E9JGA7_ECHCO	26.67	360	182	15	64	411	57	346	1e-18	88.2
ETE66008.1	sp|Q58L94|FAXD2_NOTSC	26.03	365	219	11	21	357	110	451	1e-26	107
ETE65948.1	sp|Q1L658|FA102_PSETE	28.57	98	54	4	233	326	81	166	1e-05	45.1
ETE65929.1	sp|D8VNS9|FCNV3_CERRY	54.05	37	17	0	33	69	49	85	3e-07	44.3
ETE65923.1	sp|O73800|VSPSN_GLOHA	41.07	56	28	2	1	55	199	250	2e-07	43.5
ETE65922.1	sp|Q9TXD8|ISOHC_AGEAP	29.05	148	74	6	341	477	11	138	6e-11	59.3
ETE65897.1	sp|A0A0F7YZI5|CTHB5_CONVC	34.48	116	61	3	19	124	17	127	3e-11	54.7
ETE65889.1	sp|E2IYB3|FCNV1_VARKO	36.56	93	52	2	11	96	31	123	1e-08	49.7
ETE65809.1	sp|W4VS99|NEP_TRILK	41.67	36	21	0	24	59	41	76	7e-07	43.1
ETE65763.1	sp|Q02989|LITA_LATTR	31.03	116	71	3	277	392	558	664	1e-07	51.6
ETE65712.1	sp|A8QL49|VM3_BUNMU	30.00	610	335	19	102	675	60	613	6e-72	246
ETE65635.1	sp|Q8T0W0|CVP6_PIMHY	45.61	57	28	2	290	346	24	77	2e-06	46.2
ETE65604.1	sp|E2IYB3|FCNV1_VARKO	60.42	48	17	1	71	118	50	95	4e-09	53.1
ETE65563.1	sp|Q9PSM8|SL9B_ECHCA	34.78	69	45	0	164	232	3	71	1e-09	56.6
ETE65534.1	sp|Q58L91|FA5V_OXYSU	40.59	101	54	3	29	125	1358	1456	2e-13	72.0
ETE65534.1	sp|Q58L91|FA5V_OXYSU	31.68	101	63	3	29	125	1199	1297	8e-06	47.4
ETE65528.1	tr|A0A0K1D8J1|A0A0K1D8J1_9ARAC	43.48	46	25	1	193	238	100	144	7e-06	41.6
ETE65505.1	sp|Q25338|LITD_LATTR	32.26	124	77	3	578	697	675	795	3e-09	58.5
ETE65505.1	sp|Q25338|LITD_LATTR	23.88	201	129	5	522	711	696	883	2e-06	49.3
ETE65472.1	sp|Q7SZN0|FA5V_PSETE	38.64	88	53	1	16	102	1372	1459	1e-18	83.6
ETE65472.1	sp|Q7SZN0|FA5V_PSETE	34.75	118	69	2	15	131	1212	1322	7e-15	72.8
ETE65379.1	sp|Q8AY75|CALGL_BOTIN	31.29	147	92	3	30	169	3	147	2e-16	70.9
ETE65327.1	sp|P0DP56|PENKV_MEIAT	33.71	267	109	11	8	239	4	237	3e-32	118
ETE65303.1	sp|E2IYB3|FCNV1_VARKO	42.86	84	37	1	744	827	49	121	2e-06	47.4
ETE65303.1	sp|E2IYB3|FCNV1_VARKO	46.38	69	35	1	933	1001	46	112	4e-06	45.8
ETE65298.1	sp|P0DJ50|VKT31_MESMA	45.28	53	29	0	129	181	26	78	4e-12	57.4
ETE65286.1	tr|A0A194ARK7|A0A194ARK7_9SAUR	25.23	444	257	15	147	559	49	448	1e-23	102
ETE65261.1	sp|A7X3Z0|LECM_THRJA	31.86	113	67	5	27	133	46	154	2e-09	50.1
ETE65239.1	sp|Q8AY75|CALGL_BOTIN	34.75	118	76	1	29	145	33	150	4e-16	69.3
ETE65228.1	sp|Q02989|LITA_LATTR	34.11	214	138	3	40	250	639	852	2e-28	112
ETE65228.1	sp|Q02989|LITA_LATTR	27.57	214	150	2	40	250	741	952	4e-21	90.9
ETE65228.1	sp|Q02989|LITA_LATTR	28.15	270	138	7	23	250	664	919	3e-17	78.6
ETE65228.1	sp|Q02989|LITA_LATTR	26.62	263	155	3	25	249	523	785	2e-15	73.2
ETE65228.1	sp|Q02989|LITA_LATTR	26.16	237	125	6	58	250	454	684	2e-09	55.1
ETE65228.1	sp|Q02989|LITA_LATTR	25.48	259	143	10	40	250	907	1163	1e-08	52.8
ETE65228.1	sp|Q02989|LITA_LATTR	24.75	198	99	6	66	214	997	1193	3e-08	51.2
ETE65211.1	sp|G0LXV8|LATA_LATHA	26.14	153	101	4	695	841	788	934	7e-07	50.1
ETE65211.1	sp|G0LXV8|LATA_LATHA	26.95	167	116	3	712	877	642	803	8e-07	49.7
ETE65199.1	sp|B2D0J5|EST6_APIME	58.33	72	30	0	26	97	170	241	6e-19	82.8
ETE65195.1	sp|Q92035|ACES_BUNFA	37.84	74	42	3	22	91	488	561	2e-10	53.9
ETE65191.1	sp|P82807|FAXD1_NOTSC	24.29	247	156	8	43	274	218	448	3e-09	55.5
ETE65151.1	sp|Q9TXD8|ISOHC_AGEAP	32.62	233	130	5	16	224	1	230	7e-32	116
ETE65087.1	sp|Q58L93|FAXD_PSEPO	35.00	240	134	11	329	558	209	436	2e-29	118
ETE65066.1	sp|Q0ZZJ6|VCO31_AUSSU	34.97	755	422	21	223	918	400	1144	3e-120	401
ETE65066.1	sp|Q0ZZJ6|VCO31_AUSSU	34.21	152	97	2	108	259	122	270	3e-22	100
ETE64991.1	sp|G0LXV8|LATA_LATHA	25.76	722	426	24	27	703	511	1167	5e-39	155
ETE64991.1	sp|G0LXV8|LATA_LATHA	26.11	632	397	18	8	630	593	1163	1e-28	121
ETE64991.1	sp|G0LXV8|LATA_LATHA	26.43	454	277	12	265	695	498	917	1e-28	121
ETE64991.1	sp|G0LXV8|LATA_LATHA	27.46	426	273	13	288	699	485	888	5e-26	112
ETE64991.1	sp|G0LXV8|LATA_LATHA	29.10	299	182	9	428	703	501	792	1e-18	88.6
ETE64991.1	sp|G0LXV8|LATA_LATHA	31.47	143	91	4	569	706	486	626	5e-08	53.9
ETE64990.1	sp|G0LXV8|LATA_LATHA	29.52	166	114	1	137	299	1007	1172	3e-17	79.7
ETE64990.1	sp|G0LXV8|LATA_LATHA	26.81	138	100	1	154	290	751	888	7e-11	60.1
ETE64990.1	sp|G0LXV8|LATA_LATHA	28.16	174	117	4	125	292	619	790	3e-10	58.2
ETE64990.1	sp|G0LXV8|LATA_LATHA	27.66	141	101	1	156	295	720	860	1e-09	56.6
ETE64990.1	sp|G0LXV8|LATA_LATHA	29.03	124	86	2	140	261	500	623	1e-07	50.1
ETE64990.1	sp|G0LXV8|LATA_LATHA	20.49	122	96	1	150	270	813	934	7e-06	44.7
ETE64858.1	sp|Q6T269|VKT3_BITGA	41.03	117	65	1	327	443	10	122	6e-25	99.8
ETE64858.1	sp|Q6T269|VKT3_BITGA	36.14	83	49	1	335	417	72	150	3e-11	59.7
ETE64854.1	sp|B2D0J4|VDPP4_APIME	31.87	568	320	14	33	544	133	689	6e-80	268
ETE64852.1	sp|Q25338|LITD_LATTR	31.68	101	66	1	653	753	791	888	7e-07	49.7
ETE64766.1	tr|A0A0B8RYU4|A0A0B8RYU4_BOIIR	28.01	564	267	13	98	555	76	606	4e-59	209
ETE64701.1	sp|Q25338|LITD_LATTR	30.13	156	87	3	166	321	740	873	3e-11	62.0
ETE64701.1	sp|Q25338|LITD_LATTR	24.02	204	131	5	194	393	632	815	3e-07	49.7
ETE64688.1	sp|Q02989|LITA_LATTR	29.52	166	108	2	100	258	770	933	8e-16	78.2
ETE64688.1	sp|Q02989|LITA_LATTR	27.88	208	139	3	100	298	635	840	2e-14	73.2
ETE64688.1	sp|Q02989|LITA_LATTR	27.09	203	118	4	98	298	498	672	7e-09	55.8
ETE64688.1	sp|Q02989|LITA_LATTR	23.75	240	150	7	136	355	1003	1229	6e-06	46.2
ETE64673.1	sp|Q9XZC0|LCTA_LATTR	29.89	174	115	1	36	202	771	944	2e-16	81.3
ETE64673.1	sp|Q9XZC0|LCTA_LATTR	27.07	181	121	4	50	219	514	694	2e-12	67.8
ETE64673.1	sp|Q9XZC0|LCTA_LATTR	26.83	205	127	4	44	233	746	942	2e-11	65.1
ETE64673.1	sp|Q9XZC0|LCTA_LATTR	25.95	158	89	3	43	199	1055	1185	1e-07	52.4
ETE64673.1	sp|Q9XZC0|LCTA_LATTR	29.89	174	104	9	43	201	540	710	3e-07	51.6
ETE64673.1	sp|Q9XZC0|LCTA_LATTR	23.50	200	123	5	36	231	634	807	9e-07	49.7
ETE64673.1	sp|Q9XZC0|LCTA_LATTR	24.59	183	110	4	51	231	481	637	2e-06	48.5
ETE64653.1	sp|Q9TXD8|ISOHC_AGEAP	38.61	259	134	9	21	271	1	242	2e-45	153
ETE64584.1	sp|P0DM55|VPI1_SCOJE	43.90	41	23	0	203	243	37	77	2e-06	45.8
ETE64578.1	sp|C0K3N4|VEGFA_AGKPI	34.33	67	37	2	70	134	71	132	1e-07	47.0
ETE64560.1	sp|B2D0J5|EST6_APIME	37.93	116	54	3	44	159	24	121	7e-16	72.8
ETE64549.1	sp|A0A0B5AC98|INS1_CONFO	36.84	95	43	5	20	102	31	120	6e-06	38.9
ETE64534.1	sp|D8VNS8|FCNV2_CERRY	64.86	37	13	0	1265	1301	51	87	4e-06	47.4
ETE64485.1	sp|Q58L90|FA5V_OXYMI	32.65	98	44	4	111	204	1301	1380	3e-06	44.3
ETE64476.1	sp|Q91055|CRVP_HELHO	32.80	189	96	6	31	192	34	218	4e-23	95.5
ETE64452.1	sp|Q58L91|FA5V_OXYSU	32.26	341	209	11	194	526	1132	1458	4e-40	157
ETE64452.1	sp|Q58L91|FA5V_OXYSU	29.15	199	127	7	350	545	1130	1317	9e-17	82.0
ETE64425.1	sp|Q02989|LITA_LATTR	34.31	102	64	1	902	1003	739	837	2e-07	52.4
ETE64364.1	sp|D8VNT0|FCNV4_CERRY	30.77	169	58	3	381	490	169	337	2e-22	95.1
ETE64330.1	sp|Q8AY75|CALGL_BOTIN	27.41	135	91	3	32	163	11	141	9e-08	47.4
ETE64263.1	sp|E2IYB3|FCNV1_VARKO	41.76	91	35	3	224	314	31	103	2e-06	46.6
ETE64262.1	sp|Q9XZC0|LCTA_LATTR	35.43	127	73	4	41	164	714	834	5e-11	61.6
ETE64241.1	sp|P23631|LATA_LATTR	33.12	154	95	4	10	157	1040	1191	6e-14	70.5
ETE64241.1	sp|P23631|LATA_LATTR	32.14	140	93	2	41	179	1007	1145	1e-10	60.1
ETE64241.1	sp|P23631|LATA_LATTR	25.00	196	141	3	4	193	488	683	6e-08	51.6
ETE64241.1	sp|P23631|LATA_LATTR	34.67	75	49	0	38	112	730	804	1e-07	50.8
ETE64240.1	sp|Q4QXT9|FA10_TROCA	36.59	82	41	4	669	745	80	155	7e-07	49.7
ETE64196.1	tr|E9JGG3|E9JGG3_ECHCO	26.19	378	239	12	51	424	56	397	4e-25	107
ETE64117.1	sp|G0LXV8|LATA_LATHA	28.24	131	85	2	28	158	700	821	9e-09	53.5
ETE64103.1	sp|Q2XXL4|VESP_POGBA	40.66	91	54	0	314	404	24	114	1e-16	74.7
ETE64101.1	sp|W4VS99|NEP_TRILK	29.55	731	406	15	44	675	2	722	1e-111	353
ETE64081.1	sp|Q9XZC0|LCTA_LATTR	30.29	208	144	1	44	250	736	943	2e-20	93.6
ETE64081.1	sp|Q9XZC0|LCTA_LATTR	32.50	240	148	10	28	256	480	716	2e-14	74.3
ETE64081.1	sp|Q9XZC0|LCTA_LATTR	25.17	294	158	10	29	267	786	1072	6e-13	69.7
ETE64081.1	sp|Q9XZC0|LCTA_LATTR	30.00	180	121	4	94	269	481	659	1e-12	68.9
ETE64081.1	sp|Q9XZC0|LCTA_LATTR	27.83	212	146	5	42	247	597	807	3e-11	63.9
ETE64081.1	sp|Q9XZC0|LCTA_LATTR	30.32	188	126	4	78	260	498	685	6e-11	63.2
ETE64072.1	sp|J3RZ81|LIPE_CROAD	34.59	318	181	9	23	322	55	363	1e-49	175
ETE64009.1	sp|A7X3Z7|LECM2_ERYPO	26.56	128	83	4	207	325	27	152	5e-09	52.8
ETE64000.1	sp|Q9XZC0|LCTA_LATTR	27.30	685	451	20	49	703	506	1173	9e-58	214
ETE64000.1	sp|Q9XZC0|LCTA_LATTR	26.46	703	417	21	322	936	481	1171	1e-50	192
ETE64000.1	sp|Q9XZC0|LCTA_LATTR	26.12	739	483	18	90	772	481	1212	9e-49	186
ETE64000.1	sp|Q9XZC0|LCTA_LATTR	25.58	692	449	21	161	797	486	1166	9e-47	179
ETE64000.1	sp|Q9XZC0|LCTA_LATTR	26.48	676	410	22	54	677	579	1219	3e-42	165
ETE64000.1	sp|Q9XZC0|LCTA_LATTR	27.73	512	300	15	41	527	703	1169	2e-37	149
ETE64000.1	sp|Q9XZC0|LCTA_LATTR	27.31	465	312	16	515	969	476	924	7e-28	119
ETE64000.1	sp|Q9XZC0|LCTA_LATTR	27.04	392	232	10	623	972	481	860	1e-27	118
ETE64000.1	sp|Q9XZC0|LCTA_LATTR	25.56	450	259	14	45	429	774	1212	2e-27	117
ETE64000.1	sp|Q9XZC0|LCTA_LATTR	25.77	392	272	11	597	980	522	902	5e-27	116
ETE64000.1	sp|Q9XZC0|LCTA_LATTR	28.44	327	204	11	693	1011	481	785	2e-19	91.3
ETE64000.1	sp|Q9XZC0|LCTA_LATTR	42.47	73	41	1	40	111	1112	1184	9e-07	50.1
ETE63966.1	sp|Q09GJ8|SLA_PHIOL	29.19	161	75	9	68	226	36	159	2e-07	47.0
ETE63965.1	sp|Q7M4I3|SP4_BOMPE	36.67	240	134	6	823	1050	1	234	4e-45	162
ETE63964.1	sp|Q92035|ACES_BUNFA	24.60	248	168	8	1515	1757	325	558	1e-14	75.9
ETE63964.1	sp|Q92035|ACES_BUNFA	29.07	227	106	7	1241	1448	25	215	2e-12	68.9
ETE63928.1	sp|P0DJE3|LATA_LATHE	25.45	334	201	10	135	428	867	1192	4e-17	82.8
ETE63928.1	sp|P0DJE3|LATA_LATHE	24.70	336	189	10	131	407	560	890	1e-10	62.0
ETE63928.1	sp|P0DJE3|LATA_LATHE	27.44	164	104	3	138	297	1043	1195	2e-09	58.2
ETE63928.1	sp|P0DJE3|LATA_LATHE	26.53	245	135	8	150	363	716	946	7e-09	56.2
ETE63928.1	sp|P0DJE3|LATA_LATHE	26.96	204	132	3	186	387	480	668	2e-08	54.7
ETE63928.1	sp|P0DJE3|LATA_LATHE	29.76	168	104	6	150	314	512	668	6e-08	53.1
ETE63923.1	sp|A0FKN6|VMPA_LOXIN	40.88	181	95	7	2	173	76	253	3e-29	112
ETE63895.1	sp|Q9XZC0|LCTA_LATTR	30.08	266	175	7	18	275	499	761	1e-23	99.0
ETE63895.1	sp|Q9XZC0|LCTA_LATTR	29.38	211	140	4	43	249	730	935	4e-20	88.2
ETE63895.1	sp|Q9XZC0|LCTA_LATTR	28.77	212	117	4	41	251	659	837	6e-17	77.8
ETE63895.1	sp|Q9XZC0|LCTA_LATTR	25.62	160	116	2	21	180	774	930	2e-11	61.2
ETE63895.1	sp|Q9XZC0|LCTA_LATTR	28.21	156	78	4	117	270	495	618	1e-08	52.8
ETE63895.1	sp|Q9XZC0|LCTA_LATTR	31.43	105	67	4	54	157	1084	1184	5e-07	47.8
ETE63885.1	sp|E2IYB3|FCNV1_VARKO	48.28	58	30	0	22	79	49	106	5e-07	46.6
ETE63885.1	sp|E2IYB3|FCNV1_VARKO	54.90	51	23	0	14	64	53	103	2e-06	44.7
ETE63885.1	sp|E2IYB3|FCNV1_VARKO	40.85	71	39	2	97	166	69	137	4e-06	43.9
ETE63856.1	sp|B5U6Y3|VSP_ECHOC	40.62	64	34	1	171	234	192	251	2e-09	54.7
ETE63855.1	sp|A6MFK8|FAXD2_DEMVE	37.50	88	50	3	252	339	82	164	6e-06	45.8
ETE63833.1	sp|P0DMW6|VKT3A_ACTEQ	48.08	52	27	0	427	478	6	57	8e-12	60.5
ETE63829.1	sp|B0VXV1|SL2_SISCA	28.05	82	49	3	16	90	25	103	5e-06	40.0
ETE63828.1	sp|J3S3U6|SLG_CROAD	27.73	119	67	4	92	203	9	115	5e-08	47.4
ETE63806.1	sp|Q9XZC0|LCTA_LATTR	31.43	140	84	4	496	629	560	693	5e-12	65.9
ETE63806.1	sp|Q9XZC0|LCTA_LATTR	31.37	153	94	4	500	648	702	847	7e-12	65.5
ETE63751.1	sp|Q4QXT9|FA10_TROCA	57.14	35	15	0	78	112	88	122	6e-07	43.9
ETE63748.1	sp|Q92035|ACES_BUNFA	55.18	473	212	0	22	494	39	511	0.0	590
ETE63723.1	sp|Q9XZC0|LCTA_LATTR	25.77	163	68	3	27	136	771	933	1e-07	47.0
ETE63723.1	sp|Q9XZC0|LCTA_LATTR	34.83	89	45	2	41	129	480	555	3e-06	43.1
ETE63701.1	sp|Q3HXY9|NGFV1_PSETE	97.93	242	5	0	1	242	1	242	0.0	499
ETE63674.1	sp|Q76B45|BLTX_BLABR	33.70	270	132	11	22	257	22	278	1e-34	125
ETE63647.1	sp|P0DM39|SLDB_TRIAB	32.00	75	40	3	78	150	27	92	3e-07	47.0
ETE63600.1	sp|D8VNT0|FCNV4_CERRY	33.94	221	124	7	126	344	123	323	4e-28	110
ETE63588.1	sp|G4V4G1|IGFBP_CUPSA	30.63	111	51	4	19	111	143	245	4e-07	43.9
ETE63572.1	sp|Q25338|LITD_LATTR	28.47	137	97	1	49	184	741	877	6e-13	67.4
ETE63572.1	sp|Q25338|LITD_LATTR	27.86	201	129	6	12	202	533	727	4e-10	58.5
ETE63572.1	sp|Q25338|LITD_LATTR	30.67	163	102	5	34	188	487	646	4e-07	48.5
ETE63528.1	sp|E3P6N4|CYT_PSETE	27.45	102	68	2	161	256	28	129	1e-07	49.3
ETE63527.1	sp|E3P6P0|CYT_HOPST	27.00	100	69	1	277	372	28	127	1e-05	43.1
ETE63520.1	sp|J3S836|VCO3_CROAD	24.80	1363	762	52	43	1205	210	1509	5e-77	277
ETE63467.1	tr|A0A0K1D8J1|A0A0K1D8J1_9ARAC	50.00	48	23	1	241	288	98	144	2e-10	55.5
ETE63410.1	sp|P0DKT1|TU92_POLAB	36.96	46	28	1	28	73	26	70	2e-06	42.7
ETE63395.1	sp|P0DJE3|LATA_LATHE	23.74	139	85	3	98	230	800	923	3e-07	49.7
ETE63364.1	sp|Q91132|VCO3_NAJKA	22.96	614	344	13	74	581	30	620	2e-40	155
ETE63363.1	sp|A0RZC6|VCO32_AUSSU	27.65	774	469	24	75	803	807	1534	1e-74	266
ETE63337.1	sp|Q9XZC0|LCTA_LATTR	29.48	268	175	5	244	506	667	925	5e-24	105
ETE63337.1	sp|Q9XZC0|LCTA_LATTR	24.63	337	232	6	123	455	631	949	6e-19	88.6
ETE63337.1	sp|Q9XZC0|LCTA_LATTR	26.10	341	196	10	245	539	498	828	3e-18	86.7
ETE63337.1	sp|Q9XZC0|LCTA_LATTR	24.46	417	224	14	141	477	786	1191	4e-14	73.2
ETE63325.1	sp|P84987|LECG_CRORU	32.12	137	78	4	521	647	1	132	2e-19	84.0
ETE63284.1	sp|F8S122|VESP_CROAD	31.85	135	75	7	1378	1505	90	214	5e-07	50.1
ETE63282.1	sp|Q9XZC0|LCTA_LATTR	28.98	176	89	4	198	339	736	909	5e-12	63.9
ETE63282.1	sp|Q9XZC0|LCTA_LATTR	27.71	166	115	4	181	342	548	712	9e-12	63.2
ETE63282.1	sp|Q9XZC0|LCTA_LATTR	24.84	153	114	1	183	335	687	838	9e-09	53.9
ETE63222.1	sp|Q58L95|FAXC_OXYMI	33.33	84	50	2	152	233	85	164	5e-07	48.1
ETE63204.1	sp|Q2XXL4|VESP_POGBA	32.65	98	41	3	390	475	22	106	1e-06	45.4
ETE63121.1	sp|Q9XZC0|LCTA_LATTR	32.59	135	87	3	17	148	741	874	7e-12	60.5
ETE63121.1	sp|Q9XZC0|LCTA_LATTR	38.38	99	57	3	54	148	506	604	2e-08	49.7
ETE63121.1	sp|Q9XZC0|LCTA_LATTR	29.91	117	78	4	46	159	1080	1195	5e-08	48.5
ETE63121.1	sp|Q9XZC0|LCTA_LATTR	29.75	121	82	3	51	168	708	828	8e-08	47.8
ETE63121.1	sp|Q9XZC0|LCTA_LATTR	27.00	100	70	1	56	152	577	676	2e-06	43.5
ETE63056.1	sp|B5U2W0|VSP_BOMIG	30.66	212	107	8	201	385	110	308	5e-20	87.4
ETE63004.1	tr|A0A1W7RJY5|A0A1W7RJY5_AGKCO	41.67	108	51	5	43	147	412	510	5e-16	73.2
ETE62980.1	sp|F8S101|PLB_CROAD	29.12	261	111	8	87	292	303	544	3e-21	90.9
ETE62956.1	sp|Q7SZN0|FA5V_PSETE	37.34	458	242	8	2	451	31	451	2e-86	287
ETE62956.1	sp|Q7SZN0|FA5V_PSETE	38.77	325	190	4	7	323	355	678	4e-65	226
ETE62956.1	sp|Q7SZN0|FA5V_PSETE	35.85	357	197	8	5	343	826	1168	1e-61	216
ETE62956.1	sp|Q7SZN0|FA5V_PSETE	33.64	110	55	1	342	451	823	914	1e-12	67.0
ETE62940.1	sp|Q3SB11|CALGL_TROCA	42.86	105	59	1	1	104	37	141	4e-23	87.0
ETE62935.1	sp|P00983|VKTHB_DENPO	47.37	57	30	0	591	647	1	57	1e-14	68.2
ETE62924.1	sp|Q9XZC0|LCTA_LATTR	25.52	192	108	3	185	342	747	937	7e-10	58.2
ETE62924.1	sp|Q9XZC0|LCTA_LATTR	26.84	190	122	8	174	354	566	747	3e-08	53.1
ETE62910.1	sp|Q593B6|FA5_PSETE	39.35	155	88	4	189	340	1305	1456	7e-28	113
ETE62910.1	sp|Q593B6|FA5_PSETE	36.31	157	87	5	189	340	1149	1297	3e-20	89.4
ETE62891.1	tr|A0A1W7RJY7|A0A1W7RJY7_AGKCO	31.86	204	109	11	178	370	197	381	2e-15	76.6
ETE62833.1	sp|Q9TXD8|ISOHC_AGEAP	28.63	241	127	6	331	529	1	238	2e-25	106
ETE62833.1	sp|Q9TXD8|ISOHC_AGEAP	25.73	241	135	7	602	801	1	238	3e-15	75.1
ETE62833.1	sp|Q9TXD8|ISOHC_AGEAP	29.29	198	103	8	3	169	10	201	6e-13	67.8
ETE62833.1	sp|Q9TXD8|ISOHC_AGEAP	25.30	166	105	5	1329	1479	79	240	3e-09	56.6
ETE62833.1	sp|Q9TXD8|ISOHC_AGEAP	22.31	242	122	10	981	1215	57	239	3e-07	50.8
ETE62832.1	sp|A7X3Z0|LECM_THRJA	54.17	144	63	2	363	503	1	144	4e-50	170
ETE62832.1	sp|A7X3Z0|LECM_THRJA	51.76	85	33	2	1	77	14	98	1e-20	87.8
ETE62775.1	sp|Q072L6|VSPL_BOTAS	39.06	64	34	1	114	177	195	253	2e-08	49.7
ETE62717.1	sp|P83234|VESP_OPHHA	34.29	175	106	4	31	204	24	190	5e-24	93.2
ETE62716.1	sp|F8S122|VESP_CROAD	40.15	132	75	2	354	485	62	189	2e-21	92.0
ETE62661.1	sp|Q9XZC0|LCTA_LATTR	27.54	276	192	5	361	630	717	990	2e-25	111
ETE62661.1	sp|Q9XZC0|LCTA_LATTR	28.68	265	184	4	371	630	589	853	2e-23	105
ETE62661.1	sp|Q9XZC0|LCTA_LATTR	25.94	293	205	4	351	635	637	925	6e-22	100
ETE62661.1	sp|Q9XZC0|LCTA_LATTR	27.90	319	213	8	351	656	505	819	5e-19	90.9
ETE62661.1	sp|Q9XZC0|LCTA_LATTR	21.40	472	244	14	296	643	710	1178	3e-13	71.6
ETE62661.1	sp|Q9XZC0|LCTA_LATTR	28.68	129	89	3	458	584	1057	1184	1e-08	56.6
ETE62577.1	sp|Q25338|LITD_LATTR	30.83	120	56	4	80	199	752	844	6e-07	48.5
ETE62557.1	sp|E2IYB3|FCNV1_VARKO	49.09	55	25	1	32	86	51	102	5e-06	43.1
ETE62513.1	sp|Q4QXT9|FA10_TROCA	31.25	112	72	3	167	277	251	358	4e-09	55.1
ETE62479.1	sp|P23631|LATA_LATTR	25.21	234	120	4	1	186	867	1093	2e-14	74.7
ETE62479.1	sp|P23631|LATA_LATTR	27.08	192	139	1	1	191	734	925	4e-13	70.5
ETE62479.1	sp|P23631|LATA_LATTR	27.68	112	80	1	3	113	835	946	3e-12	67.8
ETE62479.1	sp|P23631|LATA_LATTR	25.44	169	125	1	11	178	777	945	2e-11	65.1
ETE62479.1	sp|P23631|LATA_LATTR	25.83	151	109	1	1	148	1040	1190	3e-10	61.2
ETE62479.1	sp|P23631|LATA_LATTR	26.35	148	108	1	1	147	800	947	5e-10	60.5
ETE62479.1	sp|P23631|LATA_LATTR	27.33	161	109	3	33	188	1007	1164	5e-09	57.4
ETE62479.1	sp|P23631|LATA_LATTR	22.98	235	143	3	1	197	564	798	1e-06	49.7
ETE62479.1	sp|P23631|LATA_LATTR	28.74	167	115	3	20	182	481	647	2e-06	48.5
ETE62475.1	sp|Q02989|LITA_LATTR	39.74	78	45	1	1225	1302	787	862	9e-09	57.0
ETE62475.1	sp|Q02989|LITA_LATTR	36.92	65	41	0	1219	1283	1125	1189	5e-06	48.1
ETE62441.1	sp|Q6RY98|SRTXL_ATRMM	41.54	65	29	2	2	66	133	188	3e-08	48.5
ETE62441.1	sp|Q6RY98|SRTXL_ATRMM	40.00	65	30	4	2	66	37	92	8e-08	47.4
ETE62441.1	sp|Q6RY98|SRTXL_ATRMM	36.92	65	32	2	2	66	85	140	3e-07	45.4
ETE62441.1	sp|Q6RY98|SRTXL_ATRMM	38.46	65	31	2	2	66	181	236	6e-07	44.7
ETE62441.1	sp|Q6RY98|SRTXL_ATRMM	38.46	65	31	2	2	66	229	284	6e-07	44.7
ETE62441.1	sp|Q6RY98|SRTXL_ATRMM	35.38	65	33	2	2	66	277	332	1e-06	44.3
ETE62437.1	sp|E2IYB3|FCNV1_VARKO	36.27	102	58	2	308	402	1	102	1e-06	46.6
ETE62437.1	sp|E2IYB3|FCNV1_VARKO	44.74	76	41	1	414	489	22	96	7e-06	44.3
ETE62426.1	sp|Q66S03|LECG_THANI	25.95	131	91	4	27	155	29	155	1e-08	48.1
ETE62410.1	tr|A0A0K1D8J1|A0A0K1D8J1_9ARAC	40.35	57	32	1	96	150	78	134	3e-08	49.7
ETE62306.1	sp|Q2XXL4|VESP_POGBA	53.09	81	38	0	26	106	29	109	2e-22	86.7
ETE62279.1	sp|Q9XZC0|LCTA_LATTR	40.00	60	36	0	846	905	767	826	2e-07	52.0
ETE62279.1	sp|Q9XZC0|LCTA_LATTR	35.35	99	58	3	813	909	703	797	2e-06	48.9
ETE62225.1	sp|P0DKT4|TU92_IOTCI	41.46	41	24	0	60	100	30	70	2e-07	42.7
ETE62224.1	sp|P0DKM9|TU11_LOPAL	48.89	45	23	0	78	122	1	45	5e-10	53.9
ETE62186.1	sp|Q9XZC0|LCTA_LATTR	26.98	504	308	18	364	858	488	940	1e-27	118
ETE62186.1	sp|Q9XZC0|LCTA_LATTR	23.93	468	268	13	467	858	729	1184	4e-23	103
ETE62186.1	sp|Q9XZC0|LCTA_LATTR	25.56	399	248	11	470	864	493	846	3e-17	84.0
ETE62186.1	sp|Q9XZC0|LCTA_LATTR	31.45	159	104	4	704	858	480	637	1e-11	65.9
ETE62137.1	sp|P84808|CRVP2_NAJKA	93.28	238	16	0	7	244	1	238	2e-168	466
ETE62122.1	tr|A0A1W7RJY5|A0A1W7RJY5_AGKCO	56.64	429	153	3	1	398	60	486	3e-170	493
ETE62121.1	sp|A3R0T9|VM3_OPHHA	94.92	551	10	2	1	533	1	551	0.0	1073
ETE62121.1	sp|A3R0T9|VM3_OPHHA	52.32	560	172	8	547	1021	1	550	0.0	569
ETE62114.1	sp|P81428|FAXD_TROCA	41.07	56	26	1	258	313	88	136	5e-07	47.8
ETE62079.1	sp|Q7SZN0|FA5V_PSETE	28.15	540	285	9	2	447	152	682	3e-56	200
ETE62079.1	sp|Q7SZN0|FA5V_PSETE	30.86	350	149	9	167	450	821	1143	8e-38	145
ETE62079.1	sp|Q7SZN0|FA5V_PSETE	26.04	338	142	9	169	443	31	323	2e-24	103
ETE62079.1	sp|Q7SZN0|FA5V_PSETE	28.14	199	100	6	3	158	949	1147	1e-12	67.4
ETE62049.1	sp|Q9XZC0|LCTA_LATTR	25.50	200	123	6	37	235	444	618	5e-09	53.5
ETE62049.1	sp|Q9XZC0|LCTA_LATTR	27.91	86	62	0	148	233	701	786	9e-07	46.6
ETE62049.1	sp|Q9XZC0|LCTA_LATTR	23.36	214	141	5	25	238	634	824	3e-06	45.4
ETE62048.1	tr|A0A0K1D8J1|A0A0K1D8J1_9ARAC	50.00	36	17	1	164	199	100	134	5e-07	44.7
ETE62043.1	sp|E2IYB3|FCNV1_VARKO	48.98	49	25	0	1104	1152	50	98	5e-09	54.7
ETE62043.1	sp|E2IYB3|FCNV1_VARKO	36.00	75	42	1	1073	1147	34	102	8e-06	45.4
ETE62042.1	sp|P0DMW6|VKT3A_ACTEQ	45.45	55	30	0	534	588	2	56	2e-13	64.7
ETE62038.1	sp|B2D0J4|VDPP4_APIME	30.61	490	318	12	11	488	261	740	9e-69	234
ETE62036.1	sp|Q593B6|FA5_PSETE	36.57	268	127	3	92	325	1146	1404	6e-45	164
ETE62036.1	sp|Q593B6|FA5_PSETE	29.36	218	107	5	45	217	1243	1458	5e-21	91.7
ETE62032.1	sp|Q7SYF1|VSPP_CERCE	46.67	60	25	2	51	110	200	252	1e-14	65.1
ETE62029.1	sp|Q76B45|BLTX_BLABR	40.30	268	130	6	115	357	17	279	5e-57	190
ETE62029.1	sp|Q76B45|BLTX_BLABR	50.00	76	38	0	48	123	189	264	2e-20	88.2
ETE62029.1	sp|Q76B45|BLTX_BLABR	53.06	49	21	1	379	427	27	73	1e-09	56.2
ETE62015.1	sp|D2YVK5|LECM_NOTSC	51.72	174	33	2	1	154	1	143	2e-54	170
ETE62012.1	sp|D8VNS8|FCNV2_CERRY	43.67	158	86	3	259	414	131	287	1e-36	135
ETE62008.1	sp|J3S836|VCO3_CROAD	25.58	739	481	23	587	1273	755	1476	2e-41	164
ETE62008.1	sp|J3S836|VCO3_CROAD	27.44	317	163	13	60	330	105	400	4e-16	80.9
ETE61983.1	sp|Q9XZC0|LCTA_LATTR	31.08	148	89	5	32	170	512	655	9e-08	48.9
ETE61983.1	sp|Q9XZC0|LCTA_LATTR	30.00	160	103	6	17	168	632	790	1e-06	45.8
ETE61973.1	sp|B5U2W0|VSP_BOMIG	37.70	252	136	4	121	351	100	351	5e-51	174
ETE61961.1	sp|Q8MMH3|ARMT1_PIMHY	35.20	392	245	4	12	396	54	443	4e-81	259
ETE61882.1	sp|E2IYB3|FCNV1_VARKO	35.40	113	52	5	24	130	9	106	2e-06	44.7
ETE61879.1	sp|Q9XZC0|LCTA_LATTR	31.71	205	135	4	38	238	736	939	8e-20	87.4
ETE61879.1	sp|Q9XZC0|LCTA_LATTR	29.25	253	168	8	35	277	629	880	4e-19	85.1
ETE61879.1	sp|Q9XZC0|LCTA_LATTR	25.77	260	153	11	18	264	982	1214	5e-09	53.9
ETE61879.1	sp|Q9XZC0|LCTA_LATTR	25.70	249	141	8	37	242	530	777	2e-07	48.9
ETE61866.1	sp|E2IYB3|FCNV1_VARKO	48.15	54	25	1	100	150	49	102	9e-06	42.7
ETE61792.1	sp|Q9XZC0|LCTA_LATTR	33.64	107	60	2	72	167	498	604	2e-08	50.1
ETE61792.1	sp|Q9XZC0|LCTA_LATTR	31.58	76	42	1	102	167	1109	1184	1e-06	45.1
ETE61792.1	sp|Q9XZC0|LCTA_LATTR	33.33	84	44	2	96	167	658	741	2e-06	44.3
ETE61792.1	sp|Q9XZC0|LCTA_LATTR	29.17	96	58	2	101	186	732	827	9e-06	42.4
ETE61686.1	sp|F5CPE8|VNP_MICAT	76.19	21	5	0	120	140	80	100	1e-06	42.4
ETE61661.1	sp|Q7SZN0|FA5V_PSETE	36.15	650	370	10	75	713	64	679	3e-119	401
ETE61661.1	sp|Q7SZN0|FA5V_PSETE	31.31	709	357	15	378	1013	31	682	3e-94	328
ETE61661.1	sp|Q7SZN0|FA5V_PSETE	35.18	361	192	9	19	367	817	1147	2e-62	230
ETE61661.1	sp|Q7SZN0|FA5V_PSETE	34.94	332	203	4	30	355	355	679	1e-61	228
ETE61661.1	sp|Q7SZN0|FA5V_PSETE	36.18	351	185	9	377	718	822	1142	2e-55	207
ETE61661.1	sp|Q7SZN0|FA5V_PSETE	34.20	345	152	5	733	1021	823	1148	1e-52	199
ETE61659.1	sp|J3SDX8|LICH_CROAD	52.44	349	123	3	441	746	36	384	2e-119	366
ETE61659.1	sp|J3SDX8|LICH_CROAD	43.55	186	100	4	233	415	175	358	1e-42	157
ETE61659.1	sp|J3SDX8|LICH_CROAD	53.85	117	50	1	1	117	36	148	6e-34	132
ETE61659.1	sp|J3SDX8|LICH_CROAD	32.63	95	60	3	119	209	297	391	7e-08	52.4
ETE61600.1	sp|A6MFK7|FAXD1_DEMVE	35.29	68	42	2	137	203	88	154	1e-05	44.7
ETE61590.1	sp|C9D7R3|VMPA3_LOXIN	36.00	150	85	5	105	248	93	237	1e-20	89.4
ETE61589.1	sp|Q2XXL4|VESP_POGBA	47.83	92	47	1	149	240	19	109	9e-25	95.1
ETE61570.1	sp|P0DJE3|LATA_LATHE	24.83	431	305	10	78	505	473	887	2e-26	111
ETE61570.1	sp|P0DJE3|LATA_LATHE	28.63	234	164	3	278	508	490	723	7e-21	94.0
ETE61570.1	sp|P0DJE3|LATA_LATHE	24.24	429	283	15	97	508	628	1031	3e-17	82.4
ETE61570.1	sp|P0DJE3|LATA_LATHE	23.85	545	320	18	3	469	634	1161	2e-16	79.7
ETE61570.1	sp|P0DJE3|LATA_LATHE	22.17	415	260	9	133	504	698	1092	9e-16	77.8
ETE61565.1	sp|J3S836|VCO3_CROAD	23.01	239	117	8	73	247	1415	1650	4e-12	62.8
ETE61477.1	sp|B5U2W0|VSP_BOMIG	32.93	82	47	5	19	94	223	302	4e-07	43.5
ETE61472.1	sp|P84033|PN47_PHONI	46.81	47	20	1	295	336	1	47	2e-07	48.1
ETE61455.1	sp|J3SDX8|LICH_CROAD	52.94	68	31	1	39	105	1	68	2e-15	68.6
ETE61453.1	tr|A0A1S3PXP4|A0A1S3PXP4_SALSA	28.33	120	72	3	3	115	4	116	6e-09	47.8
ETE61422.1	sp|Q593B6|FA5_PSETE	44.64	513	238	9	938	1439	822	1299	5e-127	431
ETE61422.1	sp|Q593B6|FA5_PSETE	35.38	342	194	7	943	1267	355	686	1e-51	197
ETE61422.1	sp|Q593B6|FA5_PSETE	32.00	350	179	10	938	1273	31	335	3e-45	176
ETE61422.1	sp|Q593B6|FA5_PSETE	33.52	176	92	3	1270	1439	1302	1458	4e-22	100
ETE61422.1	sp|Q593B6|FA5_PSETE	48.98	49	25	0	270	318	543	591	2e-10	62.8
ETE61414.1	sp|Q7M4I3|SP4_BOMPE	32.93	167	97	5	149	312	80	234	5e-23	94.4
ETE61399.1	sp|Q7SZN0|FA5V_PSETE	34.23	707	379	11	10	680	23	679	6e-120	401
ETE61399.1	sp|Q7SZN0|FA5V_PSETE	31.02	722	400	13	347	1043	34	682	7e-98	337
ETE61399.1	sp|Q7SZN0|FA5V_PSETE	33.79	367	177	7	699	1046	824	1143	1e-53	202
ETE61399.1	sp|Q7SZN0|FA5V_PSETE	35.73	347	193	6	347	688	826	1147	2e-50	191
ETE61399.1	sp|Q7SZN0|FA5V_PSETE	32.74	336	184	4	23	323	354	682	4e-45	174
ETE61399.1	sp|Q7SZN0|FA5V_PSETE	33.24	349	170	8	22	331	826	1150	4e-44	171
ETE61389.1	sp|E2IYB3|FCNV1_VARKO	54.90	51	23	0	262	312	49	99	4e-08	51.6
ETE61389.1	sp|E2IYB3|FCNV1_VARKO	48.39	62	23	2	287	348	50	102	4e-06	45.4
ETE61389.1	sp|E2IYB3|FCNV1_VARKO	51.02	49	24	0	246	294	51	99	8e-06	44.3
ETE61352.1	sp|P13211|SRTXD_ATREN	66.67	21	7	0	103	123	1	21	7e-07	42.0
ETE61343.1	sp|Q02989|LITA_LATTR	30.28	109	76	0	11	119	581	689	7e-09	55.5
ETE61343.1	sp|Q02989|LITA_LATTR	25.00	168	112	3	50	204	788	954	8e-08	52.0
ETE61314.1	sp|Q2XXL4|VESP_POGBA	44.71	85	47	0	573	657	26	110	8e-21	87.8
ETE61314.1	sp|Q2XXL4|VESP_POGBA	46.84	79	42	0	10	88	31	109	3e-17	77.4
ETE61222.1	sp|Q7SZN0|FA5V_PSETE	32.90	155	93	5	1	150	1309	1457	5e-14	73.2
ETE61222.1	sp|Q7SZN0|FA5V_PSETE	30.00	160	88	7	1	150	1153	1298	3e-11	63.9
ETE61199.1	sp|Q9XZC0|LCTA_LATTR	25.70	502	319	12	353	832	480	949	3e-28	120
ETE61199.1	sp|Q9XZC0|LCTA_LATTR	22.48	703	356	20	197	754	526	1184	2e-24	107
ETE61199.1	sp|Q9XZC0|LCTA_LATTR	23.95	522	318	12	260	740	477	960	2e-21	97.4
ETE61199.1	sp|Q9XZC0|LCTA_LATTR	25.73	443	260	15	455	875	531	926	7e-19	89.4
ETE61199.1	sp|Q9XZC0|LCTA_LATTR	27.35	351	201	11	531	877	528	828	1e-17	85.9
ETE61199.1	sp|Q9XZC0|LCTA_LATTR	27.31	271	174	8	591	856	522	774	4e-16	80.5
ETE61199.1	sp|Q9XZC0|LCTA_LATTR	22.20	545	313	14	159	607	657	1186	2e-12	68.2
ETE61189.1	sp|P0DMW6|VKT3A_ACTEQ	51.79	56	27	0	281	336	1	56	8e-17	74.7
ETE61174.1	sp|A6MFK8|FAXD2_DEMVE	43.24	74	37	3	232	302	85	156	2e-09	58.2
ETE61174.1	sp|A6MFK8|FAXD2_DEMVE	39.13	69	38	3	1130	1195	88	155	4e-07	50.8
ETE61155.1	sp|P0DM55|VPI1_SCOJE	39.29	56	31	1	302	354	37	92	5e-07	45.8
ETE61129.1	sp|Q6QX33|LECG_BOTIN	39.86	138	81	1	42	179	1	136	8e-29	108
ETE61129.1	sp|Q6QX33|LECG_BOTIN	34.69	147	75	2	225	350	9	155	4e-25	97.8
ETE61127.1	sp|C6JUN9|LEC1_MICCO	37.68	138	77	2	8	144	25	154	2e-25	95.9
ETE61126.1	sp|Q90WI8|LECG1_BUNFA	41.61	137	76	2	75	211	1	133	3e-31	114
ETE61126.1	sp|Q90WI8|LECG1_BUNFA	32.56	129	84	2	207	333	10	137	2e-18	79.0
ETE61071.1	sp|P0DM55|VPI1_SCOJE	40.00	55	31	1	321	373	39	93	3e-07	48.9
ETE61041.1	sp|P0DJE3|LATA_LATHE	27.72	606	402	14	519	1099	511	1105	9e-47	181
ETE61041.1	sp|P0DJE3|LATA_LATHE	24.16	625	377	14	488	1057	612	1194	6e-34	139
ETE61041.1	sp|P0DJE3|LATA_LATHE	26.35	148	106	1	517	661	1052	1199	3e-08	55.1
ETE61035.1	sp|C6JUN9|LEC1_MICCO	38.52	135	68	5	771	895	26	155	4e-19	85.1
ETE61035.1	sp|C6JUN9|LEC1_MICCO	31.17	154	93	7	252	399	9	155	3e-13	67.8
ETE61035.1	sp|C6JUN9|LEC1_MICCO	28.68	129	82	4	1	126	37	158	3e-10	58.5
ETE61035.1	sp|C6JUN9|LEC1_MICCO	32.73	110	66	4	649	750	46	155	1e-08	53.5
ETE61035.1	sp|C6JUN9|LEC1_MICCO	26.92	130	88	3	913	1035	26	155	1e-06	47.0
ETE61024.1	sp|P0DP55|NPYV_MEIAT	62.37	93	31	2	63	152	8	99	8e-38	125
ETE61011.1	sp|A6MFK8|FAXD2_DEMVE	34.95	103	55	4	1792	1889	70	165	6e-06	48.1
ETE61004.1	sp|Q9XZC0|LCTA_LATTR	24.91	791	480	21	94	859	486	1187	5e-48	184
ETE61004.1	sp|Q9XZC0|LCTA_LATTR	26.32	680	438	18	1	648	526	1174	2e-47	182
ETE61004.1	sp|Q9XZC0|LCTA_LATTR	25.06	830	518	27	133	928	427	1186	2e-41	162
ETE61004.1	sp|Q9XZC0|LCTA_LATTR	24.22	768	440	24	255	951	481	1177	4e-39	155
ETE61004.1	sp|Q9XZC0|LCTA_LATTR	27.39	449	278	11	513	954	495	902	3e-32	133
ETE61004.1	sp|Q9XZC0|LCTA_LATTR	27.12	472	272	14	6	427	736	1185	1e-31	131
ETE61004.1	sp|Q9XZC0|LCTA_LATTR	24.17	480	301	13	6	437	802	1266	4e-23	103
ETE60908.1	sp|P25428|NGFV_MACLB	41.09	258	124	6	1	249	1	239	4e-57	183
ETE60902.1	sp|G0LXV8|LATA_LATHA	30.67	163	106	3	12	167	1016	1178	6e-13	68.9
ETE60902.1	sp|G0LXV8|LATA_LATHA	27.69	195	99	3	19	171	853	1047	3e-12	66.2
ETE60902.1	sp|G0LXV8|LATA_LATHA	25.30	166	122	2	17	180	784	949	1e-11	64.3
ETE60902.1	sp|G0LXV8|LATA_LATHA	29.41	119	83	1	16	133	816	934	2e-10	60.8
ETE60902.1	sp|G0LXV8|LATA_LATHA	29.44	197	107	8	16	191	916	1101	3e-10	60.1
ETE60902.1	sp|G0LXV8|LATA_LATHA	28.78	139	92	2	35	169	703	838	4e-09	56.2
ETE60902.1	sp|G0LXV8|LATA_LATHA	23.08	195	141	4	15	206	716	904	5e-09	55.8
ETE60883.1	sp|Q02989|LITA_LATTR	32.13	249	122	9	458	671	597	833	4e-16	80.1
ETE60883.1	sp|Q02989|LITA_LATTR	32.20	205	124	6	447	648	518	710	9e-13	69.3
ETE60883.1	sp|Q02989|LITA_LATTR	26.95	256	137	6	454	673	694	935	2e-10	62.0
ETE60883.1	sp|Q02989|LITA_LATTR	28.57	161	102	2	521	681	486	633	1e-08	56.2
ETE60879.1	sp|Q25338|LITD_LATTR	29.29	99	55	2	126	222	482	567	3e-06	46.2
ETE60867.1	sp|Q09GK1|VSP_PHIOL	48.08	52	22	1	68	114	201	252	2e-11	56.2
ETE60865.1	sp|Q1L658|FA102_PSETE	60.56	71	28	0	107	177	23	93	8e-20	86.7
ETE60863.1	sp|P0DJE3|LATA_LATHE	28.46	123	88	0	15	137	730	852	1e-13	69.3
ETE60863.1	sp|P0DJE3|LATA_LATHE	28.12	128	91	1	8	134	756	883	5e-11	61.2
ETE60863.1	sp|P0DJE3|LATA_LATHE	23.45	145	99	2	3	135	1015	1159	2e-06	47.0
ETE60863.1	sp|P0DJE3|LATA_LATHE	24.32	148	98	4	3	136	571	718	6e-06	45.1
ETE60845.1	sp|E2E4E4|CCT1_VARVA	50.40	125	47	3	15	136	1	113	4e-35	117
ETE60814.1	sp|Q02989|LITA_LATTR	36.21	116	71	2	344	458	750	863	7e-12	65.9
ETE60806.1	tr|V8NFQ6|V8NFQ6_OPHHA	100.00	109	0	0	1	109	1	109	1e-78	227
ETE60800.1	sp|F8S122|VESP_CROAD	36.75	117	56	4	34	149	90	189	7e-14	64.3
ETE60794.1	sp|P83234|VESP_OPHHA	100.00	190	0	0	31	220	1	190	6e-140	391
ETE60793.1	sp|F8S122|VESP_CROAD	42.68	164	86	3	213	376	59	214	5e-32	119
ETE60739.1	sp|Q27J48|VESP_LACMU	35.88	131	76	4	282	411	93	216	4e-15	71.6
ETE60700.1	sp|Q58L91|FA5V_OXYSU	35.33	184	91	5	11	177	1285	1457	1e-25	102
ETE60700.1	sp|Q58L91|FA5V_OXYSU	33.33	171	89	5	23	177	1137	1298	8e-23	94.0
ETE60633.1	sp|B2DCR8|CTX_SEPES	51.43	35	17	0	258	292	827	861	1e-06	48.1
ETE60513.1	sp|Q02471|PA2B4_DABSI	41.53	118	66	2	1	118	24	138	3e-28	100
ETE60418.1	sp|Q9XZC0|LCTA_LATTR	24.35	579	342	23	40	574	664	1190	2e-22	99.8
ETE60418.1	sp|Q9XZC0|LCTA_LATTR	26.83	246	168	4	32	274	758	994	1e-19	90.5
ETE60418.1	sp|Q9XZC0|LCTA_LATTR	28.85	208	101	4	32	234	520	685	7e-09	55.8
ETE60418.1	sp|Q9XZC0|LCTA_LATTR	28.57	133	79	4	96	218	475	601	4e-06	47.0
ETE60415.1	sp|A0ZSK3|STXA_SYNVE	36.88	141	61	9	295	419	563	691	3e-14	72.0
ETE60379.1	sp|Q3SB14|CALGL_OXYMI	99.36	156	1	0	1	156	1	156	4e-112	316
ETE60371.1	sp|Q02989|LITA_LATTR	27.92	154	99	3	1115	1262	829	976	1e-08	56.6
ETE60371.1	sp|Q02989|LITA_LATTR	33.61	119	72	3	1115	1231	661	774	3e-07	52.0
ETE60352.1	sp|G0LXV8|LATA_LATHA	29.38	177	117	3	20	194	718	888	4e-15	71.6
ETE60352.1	sp|G0LXV8|LATA_LATHA	32.09	187	114	6	14	194	609	788	2e-12	63.2
ETE60352.1	sp|G0LXV8|LATA_LATHA	33.92	171	97	8	14	177	508	669	2e-11	60.1
ETE60352.1	sp|G0LXV8|LATA_LATHA	27.13	188	118	6	9	187	777	954	7e-10	55.5
ETE60352.1	sp|G0LXV8|LATA_LATHA	23.28	189	125	4	6	179	803	986	1e-08	52.0
ETE60352.1	sp|G0LXV8|LATA_LATHA	23.93	234	130	5	1	192	865	1092	8e-08	49.3
ETE60352.1	sp|G0LXV8|LATA_LATHA	25.15	171	90	2	63	196	996	1165	3e-07	47.4
ETE60307.1	sp|Q7M4I3|SP4_BOMPE	52.27	44	20	1	14	57	191	233	2e-08	48.5
ETE60304.1	sp|G0LXV8|LATA_LATHA	28.47	137	95	2	7	143	776	909	1e-08	50.4
ETE60304.1	sp|G0LXV8|LATA_LATHA	41.67	72	40	2	51	121	548	618	3e-07	46.2
ETE60297.1	sp|Q4QXT9|FA10_TROCA	48.78	41	21	0	42	82	85	125	4e-07	44.7
ETE60292.1	sp|Q9TXD8|ISOHC_AGEAP	35.80	243	136	9	462	689	1	238	7e-37	139
ETE60292.1	sp|Q9TXD8|ISOHC_AGEAP	28.17	284	145	8	89	359	1	238	7e-27	109
ETE60292.1	sp|Q9TXD8|ISOHC_AGEAP	31.62	234	135	8	861	1089	29	242	2e-21	93.2
ETE60263.1	sp|P23631|LATA_LATTR	29.19	627	392	13	20	595	533	1158	4e-56	204
ETE60263.1	sp|P23631|LATA_LATTR	26.92	613	382	14	35	605	480	1068	5e-46	173
ETE60263.1	sp|P23631|LATA_LATTR	25.71	490	302	10	166	611	494	965	5e-42	160
ETE60263.1	sp|P23631|LATA_LATTR	23.44	610	348	15	9	543	706	1271	3e-32	130
ETE60233.1	sp|Q7T2Q0|SLB_ECHML	29.00	100	64	4	178	270	19	118	6e-07	45.4
ETE60232.1	sp|F8RKW2|VESP_DRYCN	35.62	160	92	3	118	277	37	185	9e-21	85.9
ETE60215.1	sp|A7X406|LECM1_PHIOL	30.28	109	66	4	2	100	47	155	2e-08	46.2
ETE60214.1	sp|Q66S03|LECG_THANI	33.04	112	66	3	3	109	51	158	4e-13	59.7
ETE60172.1	sp|J3SBP3|PDE2_CROAD	36.84	380	214	12	37	396	100	473	2e-71	241
ETE60160.1	sp|P83370|FAXD_HOPST	58.33	36	14	1	551	585	88	123	7e-07	48.9
ETE60143.1	sp|Q92035|ACES_BUNFA	46.75	77	41	0	12	88	523	599	8e-21	85.1
ETE60135.1	tr|D4A6F2|D4A6F2_RAT	28.10	121	78	4	12	131	4	116	5e-07	42.4
ETE60134.1	tr|A0A2L1DHE9|A0A2L1DHE9_POEAT	53.12	32	15	0	29	60	7	38	3e-06	38.1
ETE60123.1	sp|W4VS99|NEP_TRILK	27.06	462	300	12	88	522	15	466	2e-47	174
ETE60123.1	sp|W4VS99|NEP_TRILK	39.34	61	37	0	519	579	662	722	1e-10	61.2
ETE60115.1	sp|Q58L90|FA5V_OXYMI	24.32	329	183	11	298	578	1147	1457	2e-19	90.9
ETE60097.1	sp|Q1L658|FA102_PSETE	32.93	82	47	3	16	97	52	125	9e-06	40.8
ETE60049.1	sp|Q58L95|FAXC_OXYMI	37.68	69	37	2	122	188	100	164	2e-06	47.4
ETE60014.1	sp|P83906|VEGFA_BITGA	34.78	92	58	1	127	218	47	136	6e-13	64.7
ETE60006.1	sp|Q92035|ACES_BUNFA	38.38	370	190	15	24	375	33	382	1e-56	195
ETE59961.1	sp|Q7T247|SLB_ECHCA	35.96	89	48	3	96	177	22	108	7e-10	52.0
ETE59951.1	sp|Q25338|LITD_LATTR	29.59	196	125	4	118	310	709	894	4e-17	81.3
ETE59951.1	sp|Q25338|LITD_LATTR	28.02	207	131	7	130	329	483	678	1e-11	63.5
ETE59951.1	sp|Q25338|LITD_LATTR	26.25	240	158	6	118	353	640	864	4e-10	58.9
ETE59951.1	sp|Q25338|LITD_LATTR	25.00	236	158	7	116	341	671	897	1e-09	57.8
ETE59951.1	sp|Q25338|LITD_LATTR	23.66	186	129	5	148	329	638	814	7e-07	48.5
ETE59943.1	sp|Q76B45|BLTX_BLABR	40.82	98	51	3	43	137	185	278	4e-16	70.1
ETE59941.1	sp|C0HL51|KTIL_BOTSC	61.11	36	14	0	45	80	19	54	2e-11	52.4
ETE59940.1	sp|Q9TXD8|ISOHC_AGEAP	28.74	247	154	7	11	240	1	242	7e-25	100
ETE59918.1	sp|Q2XXL4|VESP_POGBA	47.56	82	43	0	179	260	27	108	5e-19	79.7
ETE59898.1	sp|E2IYB3|FCNV1_VARKO	53.66	41	19	0	70	110	60	100	1e-06	45.1
ETE59898.1	sp|E2IYB3|FCNV1_VARKO	47.54	61	20	1	34	94	54	102	3e-06	44.3
ETE59894.1	sp|Q8AY75|CALGL_BOTIN	34.48	87	57	0	13	99	61	147	8e-12	57.4
ETE59879.1	sp|J3SDX8|LICH_CROAD	43.18	396	219	4	207	598	1	394	2e-109	335
ETE59879.1	sp|J3SDX8|LICH_CROAD	35.86	198	101	2	17	188	179	376	2e-34	132
ETE59695.1	tr|A0A182C5R5|A0A182C5R5_9SAUR	33.33	123	70	5	21	140	270	383	3e-10	58.5
ETE59691.1	sp|Q8AY75|CALGL_BOTIN	29.71	138	89	4	49	183	8	140	2e-09	51.2
ETE59623.1	sp|Q8AYA3|SLB2_DEIAC	32.18	87	52	3	103	182	24	110	1e-07	46.6
ETE59591.1	sp|D5LMJ3|VM3A_NAJAT	25.66	152	99	5	6	143	60	211	1e-09	54.3
ETE59578.1	sp|F8J2D3|PLB_DRYCN	91.10	517	30	2	1	501	37	553	0.0	980
ETE59567.1	sp|Q02989|LITA_LATTR	25.69	144	80	2	293	435	805	922	2e-07	51.6
ETE59524.1	sp|P81383|OXLA_OPHHA	59.38	480	187	4	6	485	18	489	0.0	588
ETE59520.1	sp|Q66S03|LECG_THANI	35.11	131	80	3	583	710	29	157	2e-21	92.0
ETE59520.1	sp|Q66S03|LECG_THANI	30.00	150	87	4	861	1010	24	155	3e-15	73.6
ETE59520.1	sp|Q66S03|LECG_THANI	25.98	127	91	2	726	849	31	157	2e-11	62.0
ETE59520.1	sp|Q66S03|LECG_THANI	31.53	111	71	3	459	565	48	157	1e-09	56.2
ETE59503.1	sp|K7Z9Q9|VMP_NEMVE	39.89	178	78	5	1	159	87	254	1e-28	111
ETE59471.1	tr|A0A098M152|A0A098M152_9SAUR	40.22	92	48	2	1	91	336	421	2e-14	67.4
ETE59470.1	tr|J3S3W1|J3S3W1_CROAD	29.48	251	136	4	24	233	37	287	5e-28	109
ETE59453.1	sp|Q9XZC0|LCTA_LATTR	30.35	402	239	9	330	722	483	852	3e-40	156
ETE59453.1	sp|Q9XZC0|LCTA_LATTR	28.48	309	215	3	377	682	704	1009	1e-27	117
ETE59453.1	sp|Q9XZC0|LCTA_LATTR	25.07	351	214	10	377	679	837	1186	8e-16	78.6
ETE59453.1	sp|Q9XZC0|LCTA_LATTR	28.10	121	84	2	608	725	465	585	2e-09	58.2
ETE59443.1	sp|E3P6P1|CYT_CRYNI	55.24	143	61	2	77	218	1	141	9e-45	146
ETE59425.1	sp|Q8AY75|CALGL_BOTIN	38.75	80	37	3	25	92	69	148	5e-08	44.7
ETE59424.1	sp|Q3SB11|CALGL_TROCA	29.79	94	52	3	17	100	58	147	6e-07	42.0
ETE59423.1	sp|Q02989|LITA_LATTR	27.16	243	134	4	236	448	610	839	1e-11	64.7
ETE59418.1	sp|Q0ZZJ6|VCO31_AUSSU	75.03	729	69	5	6	621	924	1652	0.0	1076
ETE59393.1	sp|B5U2W0|VSP_BOMIG	35.33	184	90	5	366	539	188	352	4e-26	107
ETE59380.1	sp|Q92035|ACES_BUNFA	36.28	113	58	3	48	154	29	133	2e-13	65.5
ETE59377.1	sp|B2D0J5|EST6_APIME	43.21	81	46	0	1	81	169	249	2e-12	65.1
ETE59311.1	sp|D8VNT0|FCNV4_CERRY	45.60	193	89	5	1	191	160	338	4e-47	157
ETE59294.1	sp|Q3SB11|CALGL_TROCA	39.53	86	51	1	110	194	12	97	9e-15	66.2
ETE59294.1	sp|Q3SB11|CALGL_TROCA	41.94	62	36	0	110	171	86	147	5e-09	50.1
ETE59253.1	sp|P83370|FAXD_HOPST	29.58	213	97	8	1	169	247	450	3e-15	73.9
ETE59252.1	sp|Q27J48|VESP_LACMU	27.86	140	70	5	100	219	57	185	2e-06	44.7
ETE59202.1	sp|K7Z9Q9|VMP_NEMVE	39.13	207	114	3	90	288	52	254	3e-37	140
ETE59192.1	sp|J3S836|VCO3_CROAD	33.93	112	63	3	345	447	958	1067	5e-13	68.2
ETE59166.1	sp|P86862|VKT1_ANTEL	60.34	58	23	0	335	392	4	61	2e-17	75.5
ETE59165.1	sp|A7X4K1|WAP1_PHIOL	74.63	134	34	0	43	176	1	134	6e-58	178
ETE59152.1	sp|Q7LZ61|VM3CX_DABSI	31.94	382	160	13	19	311	233	603	2e-37	140
ETE59137.1	sp|Q45Z47|PA22_OXYSC	38.35	133	77	4	697	825	15	146	1e-21	91.3
ETE59137.1	sp|Q45Z47|PA22_OXYSC	28.99	138	66	4	411	542	20	131	4e-10	57.0
ETE59076.1	sp|C6JUN9|LEC1_MICCO	38.52	135	68	5	278	402	26	155	3e-19	84.3
ETE59076.1	sp|C6JUN9|LEC1_MICCO	30.00	110	69	4	156	257	46	155	3e-07	48.1
ETE59052.1	sp|G4V4G1|IGFBP_CUPSA	27.27	154	88	6	199	334	100	247	9e-07	47.8
ETE59016.1	sp|P23631|LATA_LATTR	27.78	108	73	2	2	108	869	972	2e-07	50.4
ETE59016.1	sp|P23631|LATA_LATTR	30.39	102	64	3	4	101	1041	1139	1e-06	48.1
ETE59011.1	tr|A0A2L1DHE9|A0A2L1DHE9_POEAT	56.25	32	14	0	61	92	7	38	2e-08	45.4
ETE58979.1	sp|P04204|EXE2_HELSU	45.83	48	26	0	114	161	29	76	2e-08	47.0
ETE58953.1	sp|Q27J48|VESP_LACMU	35.07	134	81	4	358	490	57	185	2e-14	69.7
ETE58889.1	sp|Q27J48|VESP_LACMU	29.88	164	100	5	303	465	58	207	6e-17	77.4
ETE58885.1	sp|J3S836|VCO3_CROAD	25.33	608	337	22	69	597	755	1324	2e-35	140
ETE58852.1	sp|G0LXV8|LATA_LATHA	27.92	197	130	5	23	208	686	881	9e-14	68.2
ETE58852.1	sp|G0LXV8|LATA_LATHA	25.17	151	111	1	13	161	641	791	1e-09	55.8
ETE58852.1	sp|G0LXV8|LATA_LATHA	23.61	216	139	7	1	201	864	1068	2e-09	55.1
ETE58852.1	sp|G0LXV8|LATA_LATHA	22.49	169	131	0	2	170	765	933	4e-09	54.3
ETE58852.1	sp|G0LXV8|LATA_LATHA	27.97	143	99	4	3	142	529	670	5e-08	50.8
ETE58852.1	sp|G0LXV8|LATA_LATHA	24.12	170	127	2	2	170	732	900	7e-08	50.4
ETE58852.1	sp|G0LXV8|LATA_LATHA	23.71	194	127	5	23	211	1026	1203	8e-08	50.1
ETE58852.1	sp|G0LXV8|LATA_LATHA	29.27	123	84	3	44	163	469	591	9e-08	50.1
ETE58852.1	sp|G0LXV8|LATA_LATHA	27.33	161	103	4	14	166	507	661	1e-07	49.7
ETE58852.1	sp|G0LXV8|LATA_LATHA	28.80	191	118	5	13	197	574	752	3e-07	48.5
ETE58829.1	sp|J3SFJ3|TCTP_CROAD	92.86	126	5	1	11	132	8	133	1e-80	236
ETE58825.1	sp|Q02989|LITA_LATTR	38.89	54	31	1	1	54	813	864	3e-06	40.8
ETE58803.1	sp|P0DN42|TESS_CINAN	51.69	89	40	2	20	105	34	122	6e-24	89.4
ETE58790.1	sp|Q9PVK9|VM2MD_GLOBR	27.67	159	106	4	252	407	230	382	6e-08	52.0
ETE58785.1	sp|Q02989|LITA_LATTR	38.71	62	37	1	7	67	795	856	4e-07	48.1
ETE58773.1	sp|Q27J48|VESP_LACMU	34.32	169	102	3	813	981	57	216	1e-24	102
ETE58773.1	sp|Q27J48|VESP_LACMU	35.71	112	58	5	191	295	58	162	2e-10	58.9
ETE58773.1	sp|Q27J48|VESP_LACMU	27.54	167	102	5	450	607	58	214	4e-10	57.8
ETE58768.1	sp|A7X3W6|LECM2_PSEPL	36.28	113	70	1	1	113	1	111	1e-25	92.4
ETE58757.1	sp|E2IYB3|FCNV1_VARKO	35.92	103	54	3	1011	1111	10	102	2e-08	53.1
ETE58721.1	sp|Q2XXL4|VESP_POGBA	45.35	86	47	0	111	196	29	114	1e-21	85.9
ETE58707.1	sp|W4VS99|NEP_TRILK	39.66	58	35	0	15	72	665	722	8e-11	54.7
ETE58704.1	sp|Q0ZZJ6|VCO31_AUSSU	24.26	272	166	7	79	313	791	1059	9e-20	88.6
ETE58686.1	sp|E2IYB3|FCNV1_VARKO	64.71	34	12	0	22	55	146	179	5e-12	55.5
ETE58639.1	sp|W4VS99|NEP_TRILK	36.70	109	67	1	1	107	606	714	2e-18	78.2
ETE58575.1	sp|D8VNT0|FCNV4_CERRY	51.22	82	39	1	867	947	156	237	9e-24	101
ETE58565.1	sp|Q27J48|VESP_LACMU	31.93	166	103	4	838	1002	53	209	2e-15	73.9
ETE58565.1	sp|Q27J48|VESP_LACMU	27.86	140	96	2	70	209	65	199	5e-12	63.5
ETE58565.1	sp|Q27J48|VESP_LACMU	33.65	104	59	3	350	451	86	181	1e-08	53.5
ETE58564.1	sp|Q0ZZJ6|VCO31_AUSSU	56.28	398	67	4	1	318	1068	1438	2e-133	415
ETE58540.1	sp|P0DJ50|VKT31_MESMA	37.35	83	46	2	1	83	1	77	1e-12	57.0
ETE58539.1	sp|F8J2F4|VKT16_DRYCN	48.15	54	28	0	98	151	27	80	5e-15	64.7
ETE58538.1	sp|A7X3V7|VKT1_PHIOL	70.65	92	25	1	1	90	1	92	5e-35	115
ETE58517.1	sp|J3S9D9|RCN2V_CROAD	42.67	75	43	0	2	76	58	132	2e-14	67.0
ETE58515.1	sp|Q98989|STXA_SYNHO	38.67	512	303	6	924	1430	7	512	1e-104	352
ETE58515.1	sp|Q98989|STXA_SYNHO	42.62	413	232	3	332	740	8	419	1e-97	332
ETE58475.1	sp|P0DL42|TXVE_DABSI	31.76	85	54	2	35	119	13	93	2e-08	46.2
ETE58465.1	sp|Q66S03|LECG_THANI	30.71	127	80	3	24	144	35	159	1e-16	70.9
ETE58458.1	sp|F8RKW2|VESP_DRYCN	37.89	161	94	2	109	269	27	181	2e-22	89.7
ETE58425.1	sp|F8S122|VESP_CROAD	36.91	149	78	5	262	409	56	189	2e-21	90.1
ETE58342.1	sp|Q58L93|FAXD_PSEPO	38.28	303	173	6	224	522	149	441	3e-62	211
ETE58342.1	sp|Q58L93|FAXD_PSEPO	31.03	174	117	3	43	215	264	435	9e-25	103
ETE58334.1	sp|P83952|WAPA_OXYMI	45.65	46	21	1	7	52	6	47	5e-08	48.1
ETE58332.1	sp|C1IC53|VKT4_WALAE	58.49	53	22	0	114	166	31	83	2e-17	72.4
ETE58329.1	sp|C9WMM5|VCP_APIME	29.01	362	205	11	1	346	115	440	7e-36	134
ETE58303.1	tr|A0A194ARX9|A0A194ARX9_SISMB	45.21	73	33	1	12	77	214	286	8e-16	69.3
ETE58289.1	sp|A8QL59|VM3_NAJAT	31.79	173	83	4	4	148	134	299	4e-21	87.4
ETE58285.1	sp|J3SDX8|LICH_CROAD	58.78	148	61	0	13	160	76	223	1e-56	182
ETE58251.1	sp|P23631|LATA_LATTR	25.32	233	154	5	32	247	816	1045	4e-14	68.9
ETE58251.1	sp|P23631|LATA_LATTR	27.92	197	128	5	47	231	663	857	1e-11	61.2
ETE58251.1	sp|P23631|LATA_LATTR	23.83	193	135	4	49	231	700	890	2e-10	57.4
ETE58251.1	sp|P23631|LATA_LATTR	31.43	140	92	3	49	186	1008	1145	6e-10	56.2
ETE58251.1	sp|P23631|LATA_LATTR	27.41	197	116	8	69	246	481	669	8e-06	43.5
ETE58247.1	sp|Q02989|LITA_LATTR	37.04	81	51	0	99	179	787	867	2e-12	62.8
ETE58247.1	sp|Q02989|LITA_LATTR	39.44	71	41	2	85	153	537	607	8e-06	42.7
ETE58203.1	sp|E2IYB3|FCNV1_VARKO	61.54	52	17	1	29	80	54	102	5e-11	59.3
ETE58175.1	sp|W4VS99|NEP_TRILK	33.93	112	70	1	3	110	27	138	1e-18	80.5
ETE58161.1	sp|Q7ZT98|CRVP_OPHHA	90.00	210	21	0	12	221	30	239	1e-141	397
ETE58145.1	sp|B2BS84|VKT_AUSLA	31.94	263	133	8	244	503	32	251	3e-28	110
ETE58145.1	sp|B2BS84|VKT_AUSLA	41.07	56	33	0	358	413	22	77	4e-10	57.4
ETE58106.1	sp|Q92035|ACES_BUNFA	36.94	111	51	3	10	116	39	134	2e-16	73.9
ETE58070.1	sp|Q593B6|FA5_PSETE	33.43	329	190	14	144	460	1146	1457	1e-45	172
ETE58070.1	sp|Q593B6|FA5_PSETE	39.62	159	88	4	144	296	1302	1458	2e-27	115
ETE58070.1	sp|Q593B6|FA5_PSETE	30.12	166	107	5	296	460	1141	1298	3e-13	69.7
ETE58067.1	sp|J3SDX8|LICH_CROAD	49.66	145	55	2	152	278	36	180	1e-39	142
ETE58067.1	sp|J3SDX8|LICH_CROAD	50.56	89	43	1	1	88	297	385	4e-25	100
ETE57995.1	sp|Q1L658|FA102_PSETE	32.93	82	52	2	7	88	86	164	1e-06	45.8
ETE57991.1	sp|P23807|SL9B_PROFL	39.02	82	42	4	101	174	25	106	5e-13	60.8
ETE57971.1	sp|J3SDX8|LICH_CROAD	38.96	77	39	2	42	111	106	181	1e-10	55.5
ETE57971.1	sp|J3SDX8|LICH_CROAD	65.62	32	11	0	27	58	37	68	3e-07	45.1
ETE57954.1	sp|D2YVH7|LECM_OXYSU	67.39	92	30	0	180	271	7	98	3e-38	131
ETE57954.1	sp|D2YVH7|LECM_OXYSU	51.69	118	39	1	7	106	25	142	8e-35	122
ETE57954.1	sp|D2YVH7|LECM_OXYSU	77.14	70	16	0	101	170	29	98	3e-33	118
ETE57952.1	sp|J3RZ81|LIPE_CROAD	67.12	438	66	6	1	360	38	475	0.0	549
ETE57905.1	sp|A7X3Z7|LECM2_ERYPO	38.46	65	36	2	81	145	88	148	4e-06	41.2
ETE57876.1	sp|P0DN06|VKT1A_ANEVI	49.02	51	26	0	347	397	22	72	1e-14	67.4
ETE57865.1	sp|Q9PVK9|VM2MD_GLOBR	30.77	325	165	14	66	359	55	350	5e-23	100
ETE57815.1	sp|A7X4M1|WAP1_PSEPL	46.34	41	22	0	7	47	78	118	1e-06	40.8
ETE57800.1	sp|Q8AY75|CALGL_BOTIN	35.33	150	91	3	1	146	1	148	3e-27	102
ETE57800.1	sp|Q8AY75|CALGL_BOTIN	26.44	174	90	2	84	257	12	147	1e-12	61.2
ETE57793.1	sp|F8S122|VESP_CROAD	29.81	208	87	5	38	229	50	214	9e-16	70.5
ETE57777.1	sp|J3S836|VCO3_CROAD	77.40	146	30	1	1	146	1506	1648	2e-74	241
ETE57692.1	sp|B5KGY9|WAPA_AUSSU	84.00	75	12	0	1	75	1	75	8e-31	107
ETE57679.1	sp|A0ZSK4|STXB_SYNVE	61.15	139	53	1	1	139	19	156	2e-45	172
ETE57679.1	sp|A0ZSK4|STXB_SYNVE	26.05	215	143	5	149	363	310	508	6e-13	70.1
ETE57664.1	sp|A6MFL0|OXLA_DEMVE	24.20	281	159	8	100	343	245	508	2e-12	65.1
ETE57656.1	sp|J3SEZ3|PDE1_CROAD	33.33	66	41	2	17	81	134	197	3e-06	42.0
ETE57655.1	sp|Q92035|ACES_BUNFA	42.11	513	259	12	1	485	9	511	4e-127	384
ETE57604.1	sp|Q58L93|FAXD_PSEPO	32.34	201	116	5	22	222	257	437	2e-27	106
ETE57574.1	sp|Q90WI8|LECG1_BUNFA	28.92	166	92	7	1	151	1	155	2e-13	62.0
ETE57523.1	sp|A0ZSK4|STXB_SYNVE	38.87	494	277	8	1153	1637	31	508	5e-100	338
ETE57523.1	sp|A0ZSK4|STXB_SYNVE	35.45	488	301	7	205	688	31	508	2e-89	307
ETE57501.1	sp|J7H670|OXLA_LACMT	44.62	65	34	2	5	68	31	94	6e-10	52.0
ETE57500.1	sp|A6MFL0|OXLA_DEMVE	27.16	162	83	5	9	170	229	355	4e-06	45.1
ETE57471.1	sp|Q9XZC0|LCTA_LATTR	35.00	100	63	2	69	167	1085	1183	3e-13	65.5
ETE57471.1	sp|Q9XZC0|LCTA_LATTR	32.39	71	48	0	97	167	736	806	6e-07	45.8
ETE57464.1	sp|C0K3N5|VEGFA_VIPAA	42.21	154	81	4	19	167	39	189	2e-34	120
ETE57444.1	sp|W4VS99|NEP_TRILK	26.42	159	107	3	95	248	40	193	7e-18	80.5
ETE57423.1	sp|Q66S03|LECG_THANI	39.73	73	41	2	4	75	89	159	9e-14	60.5
ETE57381.1	sp|D8VNS9|FCNV3_CERRY	74.55	220	50	1	9	222	41	260	8e-103	302
ETE57354.1	sp|A8QL53|VSP1_NAJAT	29.15	223	95	6	57	216	57	279	5e-20	84.7
ETE57354.1	sp|A8QL53|VSP1_NAJAT	33.33	75	49	1	210	283	38	112	4e-08	50.4
ETE57272.1	sp|Q90Y44|VM3H_GLOHA	31.61	193	102	5	168	346	34	210	4e-20	85.1
ETE57261.1	sp|Q92035|ACES_BUNFA	41.07	448	238	8	2	437	78	511	3e-110	338
ETE57257.1	sp|A0ZSK3|STXA_SYNVE	30.33	488	253	7	17	422	30	512	2e-59	214
ETE57249.1	sp|Q8AYA4|SLB1_DEIAC	38.04	92	47	4	60	143	25	114	6e-11	54.7
ETE57245.1	sp|Q6X5T3|SL5_BITAR	34.62	130	67	4	101	222	30	149	6e-15	67.0
ETE57238.1	sp|D8VNT0|FCNV4_CERRY	53.37	163	30	2	58	175	169	330	1e-50	169
ETE57238.1	sp|D8VNT0|FCNV4_CERRY	53.49	43	20	0	217	259	29	71	1e-08	52.0
ETE57229.1	sp|E2IYB3|FCNV1_VARKO	59.00	100	39	1	7	106	116	213	6e-39	129
ETE57228.1	sp|D8VNS9|FCNV3_CERRY	46.67	315	143	3	21	315	30	339	2e-87	267
ETE57138.1	sp|J3S3U6|SLG_CROAD	25.62	160	94	6	16	165	2	146	5e-11	55.1
ETE57120.1	sp|P0DP56|PENKV_MEIAT	33.33	126	62	6	41	148	116	237	2e-07	46.2
ETE57104.1	sp|F8S122|VESP_CROAD	32.33	133	79	5	3	133	90	213	5e-06	41.6
ETE57092.1	sp|D8VNT0|FCNV4_CERRY	50.72	209	90	1	19	214	129	337	4e-73	226
ETE57090.1	sp|Q7SZN0|FA5V_PSETE	40.35	57	32	1	3	57	1347	1403	5e-08	46.2
ETE57007.1	sp|A0ZSK4|STXB_SYNVE	61.68	107	40	1	12	118	51	156	2e-34	128
ETE57002.1	sp|Q9TXD8|ISOHC_AGEAP	41.07	56	26	3	68	116	13	68	6e-07	43.9
ETE56938.1	sp|C0HL51|KTIL_BOTSC	50.00	38	19	0	33	70	2	39	1e-07	43.5
ETE56938.1	sp|C0HL51|KTIL_BOTSC	50.00	36	18	0	116	151	3	38	8e-07	41.2
ETE56931.1	sp|Q7M4I3|SP4_BOMPE	32.52	163	76	4	19	150	73	232	2e-21	85.5
ETE56919.1	sp|P16354|PA23_HELSU	44.04	109	61	0	2	110	17	125	7e-31	108
ETE56914.1	sp|P81383|OXLA_OPHHA	96.03	478	18	1	13	489	14	491	0.0	954
ETE56911.1	sp|A0ZSK4|STXB_SYNVE	31.63	471	242	7	1	401	32	492	1e-66	228
ETE56873.1	sp|K7Z9Q9|VMP_NEMVE	33.50	200	124	6	52	246	53	248	7e-26	100
ETE56839.1	sp|Q0ZZJ6|VCO31_AUSSU	74.18	182	16	1	1	151	741	922	5e-83	265
ETE56803.1	sp|A0ZSK4|STXB_SYNVE	45.03	382	203	4	3	380	1	379	1e-106	330
ETE56784.1	sp|P83563|ALL6_APIME	35.71	56	35	1	3	57	16	71	2e-06	43.1
ETE56771.1	sp|Q3HXY4|NGFV_PSEPO	90.48	231	22	0	1	231	1	231	1e-159	443
ETE56759.1	sp|Q27J48|VESP_LACMU	32.17	115	60	7	2	110	107	209	4e-07	43.9
ETE56754.1	sp|Q2XXL4|VESP_POGBA	34.15	82	53	1	4	85	34	114	4e-09	47.4
ETE56745.1	sp|Q0ZZJ6|VCO31_AUSSU	83.33	108	7	1	1	108	509	605	3e-53	179
ETE56716.1	sp|P83234|VESP_OPHHA	28.29	152	85	7	78	215	40	181	1e-06	44.7
ETE56695.1	sp|P83370|FAXD_HOPST	30.86	256	123	9	27	239	209	453	5e-24	97.1
ETE56654.1	sp|D3TTC2|VM3H_NAJAT	87.06	85	11	0	1	85	132	216	1e-49	163
ETE56626.1	sp|D5LMJ3|VM3A_NAJAT	94.87	117	6	0	1	117	80	196	2e-74	232
ETE56625.1	sp|F8RKW2|VESP_DRYCN	27.86	140	82	5	1	135	56	181	4e-06	41.6
ETE56621.1	sp|J3SEZ3|PDE1_CROAD	28.48	165	74	5	35	171	295	443	2e-12	62.4
ETE56613.1	sp|D3TTC1|VM3KL_NAJAT	76.19	84	20	0	7	90	243	326	2e-40	138
ETE56612.1	sp|P84715|ANF39_ORNAN	50.00	48	18	1	23	70	80	121	3e-11	52.8
ETE56602.1	sp|Q5MCS0|VSPHA_HYDHA	33.33	81	53	1	4	83	82	162	3e-10	52.0
ETE56567.1	sp|Q98989|STXA_SYNHO	41.71	398	223	5	43	433	30	425	2e-91	292
ETE56557.1	sp|W4VSJ0|ACES_TRILK	50.00	42	19	1	79	118	133	174	2e-08	48.9
ETE56551.1	sp|P0DKT1|TU92_POLAB	40.48	42	25	0	84	125	29	70	2e-06	41.6
ETE56540.1	sp|Q91453|STXB_SYNHO	28.24	478	315	11	3	469	54	514	6e-61	214
ETE56509.1	sp|Q27J48|VESP_LACMU	29.75	121	69	4	2	117	107	216	4e-07	43.9
ETE56506.1	sp|Q9XZC0|LCTA_LATTR	32.09	134	79	3	70	192	720	852	1e-09	55.1
ETE56384.1	sp|Q9PVK7|VM3_NAJKA	90.91	66	6	0	1	66	119	184	7e-37	127
ETE56383.1	sp|D8VNT0|FCNV4_CERRY	37.50	56	32	1	1	56	289	341	1e-06	41.2
ETE56382.1	sp|C9WMM5|VCP_APIME	38.81	67	36	1	63	124	172	238	7e-08	48.5
ETE56359.1	sp|Q09GK2|VNP_PHIOL	52.11	71	32	1	1	71	96	164	2e-12	56.6
ETE56293.1	sp|B5L5N6|WAPB_CRYNI	47.37	57	27	2	5	61	19	72	1e-09	48.5
ETE56268.1	sp|Q92035|ACES_BUNFA	38.64	308	176	5	1	301	210	511	2e-66	218
ETE56266.1	sp|P83234|VESP_OPHHA	31.71	123	65	5	4	121	73	181	3e-08	47.4
ETE56261.1	sp|Q7M4I3|SP4_BOMPE	31.25	64	39	2	2	61	84	146	2e-08	47.0
ETE56238.1	sp|D8VNS9|FCNV3_CERRY	41.82	55	30	2	16	69	200	253	3e-07	43.9
ETE56225.1	sp|J3SBP3|PDE2_CROAD	36.11	72	42	2	66	133	83	154	3e-06	43.1
ETE56200.1	sp|P83234|VESP_OPHHA	29.41	136	77	5	10	140	60	181	2e-08	48.1
ETE56194.1	sp|G4V4G1|IGFBP_CUPSA	26.47	102	61	3	2	89	143	244	4e-07	43.5
ETE56188.1	sp|Q9PVK7|VM3_NAJKA	43.10	58	33	0	3	60	454	511	2e-11	57.0
ETE56130.1	sp|D9IX97|VNP_NAJAT	51.76	85	36	2	9	88	31	115	8e-21	80.5
ETE56126.1	sp|W4VS99|NEP_TRILK	37.39	115	65	2	1	108	549	663	9e-22	87.8
ETE56116.1	sp|Q92035|ACES_BUNFA	33.13	163	94	4	1	154	278	434	6e-20	84.0
ETE56084.1	sp|P80966|PA2A1_OPHHA	89.47	38	4	0	99	136	114	151	3e-19	77.4
ETE56084.1	sp|P80966|PA2A1_OPHHA	73.91	23	6	0	1	23	91	113	5e-07	43.1
ETE56061.1	tr|A0A098M208|A0A098M208_9SAUR	52.50	40	15	1	1	40	340	375	4e-08	47.8
ETE55962.1	sp|A6MFK7|FAXD1_DEMVE	33.33	66	41	1	18	80	297	362	1e-08	48.5
ETE55869.1	sp|Q92035|ACES_BUNFA	37.72	167	92	4	1	160	350	511	1e-31	117
ETE55829.1	sp|Q6T6T5|VKT1_BITGA	44.44	54	30	0	9	62	28	81	1e-12	55.8
ETE55804.1	sp|B7U492|VM1V1_AGKPL	29.51	122	75	4	4	121	32	146	1e-08	49.3
ETE55802.1	sp|Q92035|ACES_BUNFA	35.05	97	58	1	3	99	419	510	1e-12	60.8
ETE55777.1	sp|D5J9S0|VNP31_BUNFL	58.70	46	18	1	1	46	67	111	3e-12	55.1
pdb|1GP7|C	sp|P80966|PA2A1_OPHHA	100.00	151	0	0	1	151	1	151	4e-111	313
pdb|1GP7|B	sp|P80966|PA2A1_OPHHA	100.00	151	0	0	1	151	1	151	4e-111	313
pdb|1GP7|A	sp|P80966|PA2A1_OPHHA	100.00	151	0	0	1	151	1	151	4e-111	313
pdb|1M8T|F	sp|Q9DF33|PA2A2_OPHHA	100.00	119	0	0	1	119	28	146	1e-86	249
pdb|1M8T|E	sp|Q9DF33|PA2A2_OPHHA	100.00	119	0	0	1	119	28	146	1e-86	249
pdb|1M8T|D	sp|Q9DF33|PA2A2_OPHHA	100.00	119	0	0	1	119	28	146	1e-86	249
pdb|1M8T|C	sp|Q9DF33|PA2A2_OPHHA	100.00	119	0	0	1	119	28	146	1e-86	249
pdb|1M8T|B	sp|Q9DF33|PA2A2_OPHHA	100.00	119	0	0	1	119	28	146	1e-86	249
pdb|1M8T|A	sp|Q9DF33|PA2A2_OPHHA	100.00	119	0	0	1	119	28	146	1e-86	249
AFJ59923.1	sp|I2C090|VCO3_OPHHA	100.00	1641	0	0	1	1641	1	1641	0.0	3427
ADK12002.1	sp|P0DMD5|VNP_BUNMU	100.00	210	0	0	1	210	1	210	2e-150	417
ABY74981.1	sp|P82966|VKTCI_OPHHA	100.00	83	0	0	1	83	1	83	2e-57	172
ABY74980.1	sp|B6RLX2|VKTCT_OPHHA	100.00	83	0	0	1	83	1	83	2e-57	171
AAP81292.1	sp|Q7ZT98|CRVP_OPHHA	99.16	239	2	0	1	239	1	239	0.0	498
AAG23964.1	sp|P80966|PA2A1_OPHHA	100.00	151	0	0	1	151	1	151	4e-111	313
AAG23963.1	sp|Q9DF33|PA2A2_OPHHA	100.00	146	0	0	1	146	1	146	3e-107	303
AAG17443.1	sp|Q9DF56|PA2A_OPHHA	100.00	152	0	0	1	152	1	152	2e-111	314
AAZ15707.1	sp|P83234|VESP_OPHHA	100.00	190	0	0	1	190	1	190	2e-139	388
AAR07992.2	sp|P83234|VESP_OPHHA	100.00	190	0	0	1	190	1	190	2e-139	388
AAO62996.1	sp|Q7ZT98|CRVP_OPHHA	100.00	239	0	0	1	239	1	239	0.0	501
ABN72544.1	sp|A8QL56|VSP1_OPHHA	100.00	260	0	0	1	260	1	260	0.0	538
ABM87941.1	sp|A3R0T9|VM3_OPHHA	100.00	611	0	0	1	611	1	611	0.0	1273
ACN93671.1	sp|P84808|CRVP2_NAJKA	90.76	238	21	1	1	237	1	238	1e-161	449
ACF21002.1	sp|B6S2X2|CAMP_OPHHA	100.00	191	0	0	1	191	1	191	2e-137	383
ABN72543.1	sp|I2C090|VCO3_OPHHA	97.87	1641	35	0	1	1641	1	1641	0.0	3338
prf||2123384A	sp|P80966|PA2A1_OPHHA	95.83	120	4	1	2	121	29	147	9e-80	232
sp|Q2VBN0.1|3SIM8_OPHHA	sp|Q2VBN0|3SIM8_OPHHA	100.00	86	0	0	1	86	1	86	5e-61	181
sp|Q2VBN1.1|3SIM6_OPHHA	sp|Q2VBN1|3SIM6_OPHHA	100.00	86	0	0	1	86	1	86	8e-59	175
sp|Q69CJ8.1|3S11H_OPHHA	sp|Q69CJ8|3S11H_OPHHA	100.00	83	0	0	1	83	1	83	3e-57	171
sp|P01412.2|3S11A_OPHHA	sp|P01412|3S11A_OPHHA	100.00	83	0	0	1	83	1	83	3e-57	171
ABB83639.1	sp|Q2VBN0|3SIM8_OPHHA	100.00	86	0	0	1	86	1	86	5e-61	181
ABB83638.1	sp|Q2VBN1|3SIM6_OPHHA	100.00	86	0	0	1	86	1	86	8e-59	175
sp|Q69CK0.1|3SDC7_OPHHA	sp|Q69CK0|3SDC7_OPHHA	100.00	84	0	0	1	84	1	84	5e-54	163
sp|Q53B52.1|3SXZ_OPHHA	sp|Q53B52|3SXZ_OPHHA	100.00	78	0	0	1	78	1	78	1e-53	162
sp|A8N286.1|3SO8_OPHHA	sp|A8N286|3SO8_OPHHA	100.00	86	0	0	1	86	1	86	7e-60	178
sp|Q2VBP1.1|3SXB_OPHHA	sp|Q2VBP1|3SXB_OPHHA	100.00	78	0	0	1	78	1	78	7e-53	159
sp|Q2VBP0.1|3SXE_OPHHA	sp|Q2VBP0|3SXE_OPHHA	100.00	78	0	0	1	78	1	78	4e-53	160
sp|Q2VBN9.1|3SXQ_OPHHA	sp|Q2VBN9|3SXQ_OPHHA	100.00	78	0	0	1	78	1	78	3e-53	160
sp|Q2VBP2.1|3SX6_OPHHA	sp|Q2VBP2|3SX6_OPHHA	100.00	78	0	0	1	78	1	78	4e-53	160
sp|Q53B49.1|3SI35_OPHHA	sp|Q53B49|3SI35_OPHHA	100.00	86	0	0	1	86	1	86	5e-59	176
sp|Q53B50.1|3SX2_OPHHA	sp|Q53B50|3SX2_OPHHA	100.00	77	0	0	1	77	1	77	2e-52	158
sp|Q53B48.1|3SX7_OPHHA	sp|Q53B48|3SX7_OPHHA	100.00	78	0	0	1	78	1	78	2e-53	161
sp|Q53B47.1|3SX5_OPHHA	sp|Q53B47|3SX5_OPHHA	100.00	78	0	0	1	78	1	78	4e-53	160
sp|Q2VBN5.1|3SDC1_OPHHA	sp|Q2VBN5|3SDC1_OPHHA	100.00	84	0	0	1	84	1	84	1e-53	162
sp|Q2VBN8.1|3SDC9_OPHHA	sp|Q2VBN8|3SDC9_OPHHA	100.00	84	0	0	1	84	1	84	3e-54	163
sp|Q2VBN7.1|3SDC4_OPHHA	sp|Q2VBN7|3SDC4_OPHHA	100.00	84	0	0	1	84	1	84	2e-53	161
sp|Q2VBN4.1|3SDC3_OPHHA	sp|Q2VBN4|3SDC3_OPHHA	100.00	84	0	0	1	84	1	84	1e-53	162
sp|Q53B46.1|3SDC5_OPHHA	sp|Q53B46|3SDC5_OPHHA	100.00	84	0	0	1	84	1	84	6e-54	162
sp|A8N285.1|3L22H_OPHHA	sp|A8N285|3L22H_OPHHA	100.00	93	0	0	1	93	1	93	4e-64	189
sp|Q2VBN2.1|3NO24_OPHHA	sp|Q2VBN2|3NO24_OPHHA	100.00	86	0	0	1	86	1	86	6e-59	176
sp|Q53B61.1|3NO2_OPHHA	sp|Q53B61|3NO2_OPHHA	100.00	81	0	0	1	81	1	81	3e-55	166
sp|Q2VBP6.1|3L2X8_OPHHA	sp|Q2VBP6|3L2X8_OPHHA	100.00	94	0	0	1	94	1	94	1e-65	193
sp|Q2VBP8.1|3L2X1_OPHHA	sp|Q2VBP8|3L2X1_OPHHA	100.00	94	0	0	1	94	1	94	1e-65	193
sp|Q2VBP5.1|3L222_OPHHA	sp|Q2VBP5|3L222_OPHHA	100.00	93	0	0	1	93	1	93	4e-64	189
sp|Q2VBP3.1|3L23X_OPHHA	sp|Q2VBP3|3L23X_OPHHA	100.00	94	0	0	1	94	1	94	9e-66	193
sp|Q53B53.1|3L234_OPHHA	sp|Q53B53|3L234_OPHHA	100.00	90	0	0	1	90	1	90	1e-60	180
sp|C5ILC5.1|3L22A_OPHHA	sp|C5ILC5|3L22A_OPHHA	100.00	93	0	0	1	93	1	93	1e-63	188
sp|P82662.2|3L26_OPHHA	sp|P82662|3L26_OPHHA	100.00	91	0	0	1	91	1	91	5e-63	186
sp|Q2VBP4.1|3L228_OPHHA	sp|Q2VBP4|3L228_OPHHA	100.00	91	0	0	1	91	1	91	4e-63	187
sp|Q2VBN3.1|3SX3_OPHHA	sp|Q2VBN3|3SX3_OPHHA	100.00	83	0	0	1	83	1	83	5e-57	170
sp|Q53B59.1|3L237_OPHHA	sp|Q53B59|3L237_OPHHA	100.00	91	0	0	1	91	1	91	7e-63	186
sp|Q53B58.1|3L255_OPHHA	sp|Q53B58|3L255_OPHHA	100.00	93	0	0	1	93	1	93	2e-63	187
sp|Q53B57.1|3L256_OPHHA	sp|Q53B57|3L256_OPHHA	100.00	91	0	0	1	91	1	91	2e-62	185
sp|Q53B56.1|3L257_OPHHA	sp|Q53B56|3L257_OPHHA	100.00	91	0	0	1	91	1	91	1e-63	187
sp|Q53B55.1|3L231_OPHHA	sp|Q53B55|3L231_OPHHA	100.00	94	0	0	1	94	1	94	9e-64	188
sp|I2C090.1|VCO3_OPHHA	sp|I2C090|VCO3_OPHHA	100.00	1641	0	0	1	1641	1	1641	0.0	3427
sp|A8QL56.1|VSP1_OPHHA	sp|A8QL56|VSP1_OPHHA	100.00	260	0	0	1	260	1	260	0.0	538
sp|D9IX98.1|VNP_OPHHA	sp|P0DMD5|VNP_BUNMU	100.00	210	0	0	1	210	1	210	2e-150	417
sp|P81383.3|OXLA_OPHHA	sp|P81383|OXLA_OPHHA	100.00	491	0	0	1	491	1	491	0.0	1027
sp|Q9DF56.1|PA2A_OPHHA	sp|Q9DF56|PA2A_OPHHA	100.00	152	0	0	1	152	1	152	2e-111	314
sp|A3R0T9.1|VM3_OPHHA	sp|A3R0T9|VM3_OPHHA	100.00	611	0	0	1	611	1	611	0.0	1273
sp|Q9DF33.1|PA2A2_OPHHA	sp|Q9DF33|PA2A2_OPHHA	100.00	146	0	0	1	146	1	146	3e-107	303
sp|P83234.2|VESP_OPHHA	sp|P83234|VESP_OPHHA	100.00	190	0	0	1	190	1	190	2e-139	388
sp|Q7ZT98.1|CRVP_OPHHA	sp|Q7ZT98|CRVP_OPHHA	100.00	239	0	0	1	239	1	239	0.0	501
sp|P80966.2|PA2A1_OPHHA	sp|P80966|PA2A1_OPHHA	100.00	151	0	0	1	151	1	151	4e-111	313
AAT97247.1	sp|Q53B61|3NO2_OPHHA	100.00	81	0	0	1	81	1	81	3e-55	166
ABB83637.1	sp|Q2VBN2|3NO24_OPHHA	100.00	86	0	0	1	86	1	86	6e-59	176
ABB83635.1	sp|Q2VBN4|3SDC3_OPHHA	100.00	84	0	0	1	84	1	84	1e-53	162
ABB83634.1	sp|Q2VBN5|3SDC1_OPHHA	100.00	84	0	0	1	84	1	84	1e-53	162
ABB83633.1	sp|Q53B46|3SDC5_OPHHA	100.00	84	0	0	1	84	1	84	6e-54	162
ABB83632.1	sp|Q2VBN7|3SDC4_OPHHA	100.00	84	0	0	1	84	1	84	2e-53	161
ABB83631.1	sp|Q2VBN8|3SDC9_OPHHA	100.00	84	0	0	1	84	1	84	3e-54	163
ABB83630.1	sp|Q2VBN9|3SXQ_OPHHA	100.00	78	0	0	1	78	1	78	3e-53	160
ABB83629.1	sp|Q2VBP0|3SXE_OPHHA	100.00	78	0	0	1	78	1	78	4e-53	160
ABB83628.1	sp|Q2VBP1|3SXB_OPHHA	100.00	78	0	0	1	78	1	78	7e-53	159
ABB83627.1	sp|Q2VBP2|3SX6_OPHHA	100.00	78	0	0	1	78	1	78	4e-53	160
AAT97262.1	sp|Q53B46|3SDC5_OPHHA	100.00	84	0	0	1	84	1	84	6e-54	162
AAT97261.1	sp|Q53B47|3SX5_OPHHA	100.00	78	0	0	1	78	1	78	4e-53	160
AAT97260.1	sp|Q53B48|3SX7_OPHHA	100.00	78	0	0	1	78	1	78	2e-53	161
AAT97259.1	sp|Q53B49|3SI35_OPHHA	100.00	86	0	0	1	86	1	86	5e-59	176
AAT97258.1	sp|Q53B50|3SX2_OPHHA	100.00	77	0	0	1	77	1	77	2e-52	158
AAT97257.1	sp|Q69CK0|3SDC7_OPHHA	100.00	84	0	0	1	84	1	84	5e-54	163
AAT97256.1	sp|Q53B52|3SXZ_OPHHA	100.00	78	0	0	1	78	1	78	1e-53	162
AAT97255.1	sp|Q53B53|3L234_OPHHA	100.00	90	0	0	1	90	1	90	1e-60	180
AAT97254.1	sp|Q53B54|3L217_OPHHA	100.00	72	0	0	1	72	1	72	4e-48	147
ACR55626.1	sp|C5ILC5|3L22A_OPHHA	100.00	93	0	0	1	93	1	93	1e-63	188
ABB83636.1	sp|Q2VBN3|3SX3_OPHHA	100.00	83	0	0	1	83	1	83	5e-57	170
ABB83626.1	sp|Q2VBP3|3L23X_OPHHA	100.00	94	0	0	1	94	1	94	9e-66	193
ABB83625.1	sp|Q2VBP4|3L228_OPHHA	100.00	91	0	0	1	91	1	91	4e-63	187
ABB83624.1	sp|Q2VBP5|3L222_OPHHA	100.00	93	0	0	1	93	1	93	4e-64	189
ABB83623.1	sp|Q2VBP6|3L2X8_OPHHA	100.00	94	0	0	1	94	1	94	1e-65	193
ABB83622.1	sp|P82662|3L26_OPHHA	100.00	91	0	0	1	91	1	91	5e-63	186
ABB83621.1	sp|Q2VBP8|3L2X1_OPHHA	100.00	94	0	0	1	94	1	94	1e-65	193
AAT97252.1	sp|Q53B56|3L257_OPHHA	100.00	91	0	0	1	91	1	91	1e-63	187
AAT97251.1	sp|Q53B57|3L256_OPHHA	100.00	91	0	0	1	91	1	91	2e-62	185
AAT97250.1	sp|Q53B58|3L255_OPHHA	100.00	93	0	0	1	93	1	93	2e-63	187
AAT97249.1	sp|Q53B59|3L237_OPHHA	100.00	91	0	0	1	91	1	91	7e-63	186
AAT97248.1	sp|P82662|3L26_OPHHA	100.00	91	0	0	1	91	1	91	8e-63	186
